41.23
46.529
39.617
44.419
35.758
48.183
45.145
37.821
42.132
47.539
47.418
49.147
45.369
43.508
43.864
44.828
40.217
51.744
46.202
46.174
54.709
45.735
46.867
45.267
50.702
41.198
49.662
48.714
50.747
43.984
46.639
47.911
43.955
53.071
45.782
39.666
45.14
34.752
41.309
51.576
42.637
44.538
47.783
43.446
52.846
42.782
42.535
53.117
35.831
46.162
41.542
56.761
48.736
54.605
47.332
47.568
45.633
40.861
59.89
34.747
56.716
51.487
48.551
47.15
45.584
46.85
58.274
47.617
36.865
54.745
51.038
45.061
43.535
46.635
51.432
51.479
48.746
45.933
47.643
42.204
41.384
55.757
51.338
51.957
46.842
45.658
46.733
50.056
40.795
50.187
52.176
51.253
53.414
41.696
55.438
54.575
55.024
42.994
58.501
50.721
41.649
52.76
53.793
50.356
48.883
46.034
57.34
44.778
50.558
48.123
56.792
50.146
48.247
56.308
53.225
58.273
50.864
46.029
34.471
46.054
47.973
58.336
55.788
44.268
48.628
46.936
43.345
52.508
52.683
44.794
52.931
39.463
48.6
44.981
44.094
55.405
44.227
56.779
44.418
49.247
47.632
56.476
48.85
54.309
57.189
54.112
50.363
55.857
57.201
50.573
48.474
52.515
42.278
59.674
65.869
59.471
48.094
61.633
41.135
57.941
52.617
49.523
67.125
49.404
53.773
47.947
45.77
55.205
50.187
53.262
55.876
58.534
56.578
55.062
53.896
57.267
46.813
56.6
60.743
61.79
52.483
59.17
60.06
49.936
55.866
45.831
55.781
57.697
49.516
49.641
60.753
54.879
71.71
62.961
67.893
73.524
67.414
63.634
62.51
52.932
70.875
61.594
54.952
53.24
59.521
48.59
62.105
58.708
65.42
48.881
67.576
63.114
60.715
67.21
56.746
52.897
50.454
61.599
60.705
60.372
56.078
58.275
58.282
50.046
63.981
61.547
47.44
63.733
63.489
57.304
55.588
56.074
55.478
53.35
52.354
46.589
58.197
51.292
52.186
70.336
54.42
55.749
60.752
62.222
48.261
50.129
47.089
58.226
55.608
42.088
62.767
58.579
53.505
61.806
56.171
49.362
44.625
51.201
55.388
50.38
66.816
53.156
53.649
54.328
56.554
59.549
53.103
59.334
66.847
47.728
60.699
54.69
64.538
52.117
47.489
54.865
59.028
51.352
59.795
47.074
42.59
54.492
68.979
51.548
62.43
43.93
52.665
60.244
52.458
57.699
54.733
46.701
47.932
50.482
50.172
45.495
35.511
73.824
59.701
55.934
47.649
57.41
55.798
49.403
59.171
55.075
48.387
50.053
51.418
52.043
53.099
45.472
58.497
69.259
55.247
50.541
45.397
56.17
41.287
53.58
52.169
54.174
58.715
52.756
49.65
50.003
63.252
57.524
50.199
55.104
58.082
57.781
56.745
53.651
53.941
48.81
56.434
56.558
53.112
42.113
49.19
59.785
49.312
54.059
62.13
51.224
63.941
60.442
53.92
52.356
53.798
47.808
57.977
59.171
42.314
51.762
58.806
55.417
52.327
54.852
56.843
50.646
57.256
45.066
56.152
52.425
62.713
47.876
57.553
61.058
57.966
57.935
54.744
60.179
62.039
60.524
46.18
55.958
55.103
49.759
49.125
52.296
48.173
41.935
59.597
57.804
61.432
55.632
47.897
61.322
50.545
48.079
48.574
63.609
55.181
50.168
52.339
53.522
52.147
56.656
50.152
66.689
51.508
62.684
49.143
56.311
55.373
62.373
56.205
54.749
59.568
54.712
57.432
65.343
58.946
55.556
50.865
50.281
56.707
47.815
57.648
57.259
48.192
47.931
43.571
56.804
45.651
58.096
58.502
52.086
49.783
44.408
50.477
51.235
46.573
55.595
57.518
40.7
64.041
61.127
51.104
60.775
52.796
53.873
57.241
58.62
54.577
51.792
60.467
53.919
68.581
47.898
42.711
49.6
55.274
57.144
47.703
53.519
50.934
58.342
59.005
49.418
54.796
55.915
56.361
57.677
51.717
47.422
55.097
56.724
49.564
49.257
45.363
59.235
58.757
57.287
55.202
58.464
52.484
49.096
45.955
51.876
50.83
63.011
55.068
41.184
57.086
58.711
56.094
53.183
51.515
52.14
49.509
59.762
61.553
54.379
47.36
69.933
58.264
64.374
46.083
65.902
53.67
45.219
54.823
67.234
54.544
74.481
64.968
74.106
72.48
65.209
67.582
72.206
77.302
62.401
61.513
74.866
62.811
56.09
62.848
61.074
72.126
69.169
71.731
87.46
70.054
68.379
74.919
71.364
69.65
62.243
76.743
67.898
71.006
62.372
67.56
67.884
69.852
55.173
70.999
71.411
70.644
62.55
69.447
85.652
59.199
68.181
57.83
59.781
58.265
65.272
62.896
58.505
65.918
59.458
56.223
74.115
62.808
57.572
75.244
66.689
58.574
55.748
72.57
48.973
68.321
54.203
47.265
57.237
58.551
66.392
57.373
59.004
56.599
55.977
60.944
57.998
58.081
52.949
66.813
62.506
59.665
59.435
61.548
58.798
59.374
62.817
57.174
63.321
57.193
61.253
60.862
60.055
61.696
55.581
63.087
66.979
54.964
58.218
55.551
60.153
48.527
56.837
57.779
56.827
61.772
59.854
57.935
59.31
52.109
61.968
56.081
61.013
62.906
74.751
59.664
65.025
52.643
50.771
48.588
56.488
53.263
52.043
62.294
66.654
66.443
47.614
62.025
54.782
60.338
53.984
52.915
54.075
55.164
63.372
52.638
63.41
64.88
67.262
43.826
56.26
62.483
51.574
65.432
54.306
60.784
47.697
61.349
56.968
51.995
55.062
58.681
53.559
58.578
52.434
56.248
49.748
60.69
65.475
60.029
53.122
54.441
53.828
66.134
58.113
60.077
62.381
61.1
59.649
52.639
69.232
51.37
52.555
52.497
65.295
61.398
54.552
44.606
58.983
57.489
61.66
70.632
67.67
44.317
59.782
58.255
60.184
49.722
41.891
53.205
58.007
54.778
59.487
50.238
56.134
60.012
54.244
59.047
56.027
59.235
49.591
62.235
56.74
47.273
53.827
57.574
56.883
48.349
58.791
51.774
61.585
42.937
64.792
52.695
49.943
51.956
54.919
55.425
51.07
55.422
55.555
47.551
53.498
61.973
59.432
50.247
54.049
47.503
59.914
49.674
56.62
51.707
61.364
43.784
62.077
51.14
51.916
60.768
47.794
55.095
54.671
49.468
59.284
41.897
59.38
55.098
61.951
56.412
56.759
68.03
51.256
56.273
57.467
51.619
54.585
51.62
58.492
50.159
57.275
61.72
53.837
61.492
52.047
53.804
47.995
45.947
57.972
54.363
50.122
52.774
54.374
50.84
49.379
49.515
60.87
46.587
69.422
47.489
51.197
44.64
59.629
44.921
53.359
54.211
60.967
44.087
59.184
46.813
50.128
48.912
54.377
51.17
53.828
60.371
55.016
53.076
45.32
53.26
51.666
56.785
50.849
63.061
42.102
56.105
54.665
59.616
57.174
47.615
50.952
55.794
49.527
57.933
55.788
37.41
59.27
54.235
49.394
45.724
53.898
52.95
52.913
49.579
41.729
42.557
45.309
53.293
54.94
51.685
47.268
52.753
57.937
57.922
38.704
52.65
52.008
54.652
50.69
53.662
45.853
50.057
43.46
42.44
56.214
55.669
57.048
51.002
56.594
54.94
52.488
46.485
56.253
49.956
57.557
50.142
52.507
43.657
51.548
53.863
51.368
59.169
50.809
53.451
55.123
45.257
54.196
57.877
55.667
53.109
51.598
51.481
45.846
55.433
53.395
53.197
45.695
57.989
59.645
50.275
52.148
54.029
56.25
55.812
66.125
63.786
76.262
70.064
68.199
75.521
71.303
73.926
75.185
60.373
82.263
65.936
78.28
72.261
74.153
72.317
61.142
76.809
62.734
64.521
68.563
66.299
66.366
63.065
69.167
60.945
69.749
60.934
57.904
67.903
63.903
60.746
67.892
60.975
53.871
71.932
63.732
65.682
61.449
59.473
69.037
55.843
62.928
54.767
69.748
61.803
46.035
56.134
68.646
59.802
63.461
72.239
57.691
52.857
66.012
69.193
54.901
50.388
61.489
50.183
61.985
53.546
61
61.868
60.773
63.305
52.132
61.709
58.404
59.144
58.03
66.78
69.64
57.014
52.232
54.521
69.195
52.77
66.954
74.478
54.896
56.493
56.87
56.344
56.543
49.706
49.971
56.24
52.908
67.615
55.068
56.922
57.735
50.727
51.344
63.021
61.657
59.593
62.936
59.868
75.376
52.755
53.906
70.608
59.151
52.254
58.166
63.072
53.715
68.409
65.636
52.738
57.391
60.493
60.485
54.077
51.698
55.73
52.996
64.412
63.34
51.695
69.526
56.202
50.247
55.779
61.924
51.612
59.666
55.268
68.421
52.962
61.269
56.353
64.55
54.559
55.024
63.743
56.096
59.122
59.486
55.905
55.744
60.174
57.038
65.779
54.634
53.141
66.498
63.925
47.569
56.68
47.029
50.577
53.946
50.67
58.579
51.181
46.78
61.36
52.277
47.975
44.611
55.483
55.653
54.66
48.409
59.179
57.12
59.726
60.882
49.736
52.993
47.193
61.102
65.505
44.686
59.792
55.853
62.794
51.987
58.021
55.209
52.947
53.789
48.258
57.458
64.117
64.457
55.413
61.386
60.636
54.589
45.85
56.831
63.734
57.007
49.178
49.939
51.006
55.508
64.394
54.398
57.088
53.123
39.334
63.11
57.359
62.216
52.407
54.646
60.677
52.77
60.637
45.075
56.409
50.691
47.453
51.379
56.857
52.015
59.223
46.337
58.25
58.94
52.766
55.03
57.152
64.025
47.269
53.652
53.271
66.038
51.417
53.289
51.932
57.998
56.113
46.78
57.886
65.949
51.399
61.548
51.478
59.778
47.241
48.089
57.676
59.986
59.96
45.881
44.62
47.157
62.525
64.693
58.397
53.705
58.261
53.746
61.295
57.799
55.405
53.156
65.569
55.631
52.173
57.303
55.495
57.923
58.273
59.562
56.764
50.879
54.125
54.009
57.486
50.925
58.836
57.976
59.196
56.723
56.911
46.805
53.356
58.581
48.183
52.467
49.203
62.804
55.435
54.683
43.292
49.161
51.451
45.858
55.902
68.52
51.571
55.271
52.878
60.68
51.804
49.65
54.207
57.402
49.435
47.387
59.774
64.6
63.191
49.664
54.909
51.225
62.546
51.136
55.932
49.224
44.603
52.983
61.604
47.425
59.611
58.995
56.63
57.657
46.969
63.777
48.731
53.907
53.945
54.514
50.673
48.884
48.526
52.42
52.91
65.335
51.51
57.187
52.048
51.411
49.465
64.695
50.007
59.197
49.472
48.572
59.835
54.248
58.499
61.152
60.391
56.174
60.225
54.207
54.398
55.25
55.84
43.263
61.061
53.441
61.173
63.216
50.649
68.135
53.541
53.384
65.04
54.227
70.024
47.638
59.163
55.222
60.093
61.427
64.336
54.626
54.387
62.647
64.361
54.209
65.392
60.846
55.896
55.039
58.173
61.389
63.759
52.802
57.724
61.165
64.214
55.704
56.916
59.758
58.28
62.611
53.048
62.703
59.612
50.857
66.627
73.645
47.583
50.112
60.834
45.402
48.628
61.36
50.177
59.017
80.536
77.324
75.234
72.88
64.496
63.488
61.89
70.741
71.603
61.647
60.637
70.104
55.227
57.153
58.059
56.818
53.019
61.79
54.536
68.801
56.762
69.531
50.748
67.656
59.391
65.211
51.495
56.421
73.731
55.036
58.554
56.171
64.582
65.55
50.14
46.705
53.618
62.695
67.351
47.164
58.329
64.85
57.162
65.563
57.358
54.317
50.844
65.887
56.079
61.921
49.84
57.243
53.507
60.347
63.51
51.026
64.507
35.181
63.702
56.459
52.183
53.77
62.171
48.819
54.304
43.752
39.062
54.023
64.1
45.915
48.478
59.716
51.783
62.701
59.574
46.527
53.553
49.086
58.306
59.512
54.952
47.335
48.827
51.966
63.323
59.317
60.361
51.31
52.735
51.538
62.214
48.228
56.513
54.831
51.305
53.251
54.347
52.046
51.427
53.828
45.441
63.503
53.17
53.294
48.617
53.085
47.533
45.835
51.239
69.169
65.859
50.206
58.329
56.207
56.132
33.806
61.388
47.003
55.115
62.44
43.743
63.07
63.044
52.014
52.001
56.112
53.145
52.137
49.701
60.421
58.004
48.441
43.867
47.283
50.083
46.833
51.762
51.849
48.183
55.85
59.048
68.039
52.003
55.774
57.456
64.523
44.857
59.559
57.588
52.598
52.845
42.094
63.383
56.878
44.999
50.118
49.069
52.41
63.864
60.341
50.206
61.033
46.184
47.636
65.176
47.203
58.204
60.004
48.732
54.285
65.52
53.216
49.792
57.228
53.513
52.083
49.183
45.996
45.479
59.918
47.453
60.932
55.114
53.926
53.988
56.338
52.67
47.59
55.848
49.1
58.306
47.997
59.334
52.43
48.275
50.902
49.77
49.518
50.023
63.345
42.35
58.193
55.88
58.324
42.782
57.101
53.727
52.751
53.318
51.124
58.066
54.876
63.117
54.52
48.931
56.41
56.748
51.577
58.815
56.666
48.524
68.972
52.259
57.218
63.822
47.564
42.922
55.977
53.381
62.98
58.808
60.432
55.519
55.897
36.472
55.414
52.94
55.393
52.115
57.47
52.834
61.819
59.885
50.941
44.705
62.848
56.932
60.849
54.099
51.468
43.544
51.399
65.793
55.651
66.721
63.839
50.012
63.117
53.397
56.643
52.412
54.818
54.654
53.639
70.1
37.591
65.895
68.7
57.347
51.028
55.449
54.852
70.23
54.072
54.956
53.376
56.947
57.317
67.874
43.334
53.227
56.558
49.501
49.484
40.881
52.313
59.794
54.581
57.975
51.624
59.077
51.381
46.474
53.007
49.668
56.042
57.923
64.973
53.484
50.571
47.42
63.436
55.215
57.237
57.307
51.318
49.553
59.067
57.794
53.38
62.086
55.895
60.69
52.018
51.966
68.28
57.556
48.791
52.681
62.759
59.007
54.089
50.96
45.949
51.146
43.388
57.329
53.801
50.016
47.557
54.243
58.349
47.443
45.796
62.717
52.136
52.031
52.72
56.574
48.924
39.266
42.128
40.616
56.367
51.376
51.587
50.505
58.073
50.909
51.866
61.275
46.814
56.52
52.163
57.205
46.108
55.638
55.003
65.657
39.186
63.573
54.2
55.893
55.871
50.016
65.91
50.969
60.269
49.882
57.609
45.832
48.219
46.234
53.078
56.083
56.967
55.304
56.747
44.762
50.222
56.676
51.953
48.413
54.066
52.724
53.227
49.389
44.733
43.573
54.933
54.819
57.305
60.452
52.836
47.971
49.28
53.778
61.752
59.28
47.864
55.599
46.01
71.467
50.875
57.035
57.345
59.487
45.671
58.18
43.959
51.208
63.541
55.246
52.129
57.487
52.684
40.086
56.079
51.862
40.927
48.685
61.759
60.867
58.464
58.113
56.941
53.703
53.259
59.126
51.431
49.985
63.695
55.898
55.157
48.027
56.823
62.49
56.385
57.892
58.013
60.078
58.722
62.687
54.815
54.791
44.487
57.634
63.375
57.981
63.164
60.615
44.534
60.669
51.781
49.851
51.595
67.915
59.436
66.181
69.875
48.179
44.705
49.241
49.036
54.315
63.647
55.186
49.193
51.316
48.708
59.33
67.504
50.116
62.667
60.477
55.002
54.22
52.787
65.351
51.226
58.728
57.136
60.352
48.212
50.842
48.824
64.667
51.598
59.576
64.741
51.55
50.082
65.736
59.468
53.029
57.631
55.831
51.162
55.506
55.091
55.216
58.465
52.647
51.013
49.686
59.726
48.11
45.271
54.642
46.126
50.053
56.372
44.105
56.465
55.07
48.125
60.747
53.171
53.753
59.369
58.021
56.395
59.354
49.742
45.821
55.39
49.897
57.281
54.533
67.601
52.269
53.639
53.235
50.027
49.236
49.764
55.619
46.143
60.986
52.65
59.696
50.627
53.97
51.041
58.093
56.929
59.601
46.433
56.904
50.76
54.487
44.48
45.842
59.069
53.677
49.593
53.374
47.235
46.603
47.998
44.2
53.37
60.135
61.063
48.63
51.228
54.48
61.063
63.734
58.579
70.603
52.387
55.903
60.741
57.969
56.786
42.096
48.812
56.918
49.403
62.841
49.198
43.892
47.444
50.946
56.605
57.766
58.397
53.227
61.128
58.933
48.134
51.784
63.07
57.991
54.668
51.202
48.797
45.876
60.681
50.361
62.006
52.917
50.691
52.443
41.427
54.061
60.323
48.095
50.103
67.249
56.941
37.151
56.19
52.192
49.573
58.451
65.695
53.344
54.379
60.728
51.026
61.401
62.369
55.393
60.326
66.326
46.92
47.451
60.791
45.415
60.881
51.041
54.973
57.14
50.589
61.448
44.219
44.297
47.28
52.126
53.62
55.105
57.712
50.254
40.687
52.805
42.688
51.857
56.829
48.028
59.694
56.793
54.608
49.543
63.398
53.231
75.771
58.899
68.917
78.232
83.129
84.857
78.036
82.404
83.764
109.92
103.53
111.53
102.83
97.727
99.596
91.364
94.77
88.921
100.39
89.404
86.83
85.994
89.069
78.176
77.352
93.292
73.064
87.132
66.728
78.117
75.101
74.336
75.534
83.425
72.229
66.382
80.311
62.682
65.082
76.327
77.158
66.458
62.002
71.953
68.101
65.909
60.776
72.113
66.478
75.133
61.53
67.273
72.45
61.752
67.937
68.894
64.125
67.071
61.246
62.442
74.224
64.477
76.313
70.202
69.265
57.181
67.031
69.289
64.525
73.793
66.633
69.801
55.178
71.275
67.756
56.087
68.532
62.245
65.499
68.683
67.023
63.642
52.134
70.293
69.384
73.335
59.997
61.208
62.237
80.654
62.074
63.301
63.451
59.655
60.351
68.55
56.724
64.976
66.33
67.539
63.014
62.968
64.829
68.771
64.221
68.463
61.465
64.849
58.231
59.388
55.117
56.258
63.537
53.713
62.867
67.856
54.206
55.851
53.329
57.229
54.013
60.6
63.123
54.069
67.375
57.281
58.611
57.802
58.998
64.578
63.177
53.068
65.451
58.598
70.845
60.525
63.156
54.832
59.034
55.773
58.339
63.199
63.775
65.436
58.144
61.436
58.592
56.892
56.505
59.094
66.527
63.276
58.314
62.298
57.244
59.248
51.425
63.133
55.126
58.741
56.129
66.28
53.393
53.717
53.924
45.549
48.545
49.241
47.686
58.374
47.889
43.954
65.268
61.997
57.77
44.871
58.031
59.635
60.839
62.019
51.398
57.927
63.363
60.929
52.187
48.797
56.662
52.246
49.927
44.671
60.657
61.81
50.948
55.939
51.994
58.829
48.836
57.998
57.013
55.661
57.118
50.703
50.395
60.524
53.564
65.135
54.124
55.318
56.53
51.666
47.371
51.508
48.751
46.747
50.168
48.921
70.161
54.828
45.642
54.397
47.044
56.426
52.152
50.866
55.437
53.854
70.365
53.216
51.69
47.727
50.415
57.165
48.534
54.778
49.106
46.665
51.827
56.288
53.441
50.475
53.255
51.482
57.433
58.519
60.532
52.715
50.895
52.567
46.456
54.883
48.265
58.439
55.341
55.256
52.284
51.381
52.17
47.363
53.192
48.626
59.538
49.729
55.798
46.738
56.019
58.599
52.363
52.424
53.179
50.848
58.922
54.09
51.66
54.031
60.452
51.302
59.711
64.004
57.886
54.598
50.175
51.44
70.315
61.673
57.763
60.41
57.973
58.319
51.266
46.952
58.784
56.127
45.141
45.435
58.885
42.119
56.014
57.605
50.928
47.024
42.403
57.173
46.95
44.671
55.801
49.413
50.56
55.549
49.381
64.871
50.184
50.26
47.074
61.972
50.328
59.138
48.137
47.065
59.068
57.788
45.313
46.482
61.112
57.688
56.421
53.324
59.207
50.827
46.465
50.093
62.327
53.612
61.863
57.171
45.294
47.992
57.964
52.257
49.881
62.46
49.939
45.028
54.063
59.353
47.571
64.337
57.975
57.403
49.33
60.589
47.344
57.707
61.177
51.422
53.015
55.534
52.792
58.11
59.779
53.434
55.089
51.339
61.786
59.935
60.249
59.708
57.092
44.113
50.7
48.231
52.73
76.636
57.998
56.863
58.385
90.41
78.772
79.809
68.136
72.901
75.514
78.568
63.926
76.306
72.893
67.427
80.753
68.967
69.764
67.357
58.729
59.051
62.672
54.296
65.553
65.842
71.731
63.074
68.102
68.376
69.633
57.692
60.829
65.227
53.186
70.147
60.523
67.811
74.569
57.766
54.045
60.081
79.948
81.157
93.617
87.562
85.11
77.621
82.313
88.324
76.463
77.426
73.824
71.623
76.983
69.288
66.63
67.998
62.706
70.129
75.934
67.463
64.525
69.546
53.727
63.262
58.942
68.238
72.283
61.609
61.96
72.288
74.959
62.586
65.036
66.792
73.285
73.964
63.696
71.217
64.276
63.447
60.214
58.19
69.449
63.021
65.773
59.837
58.805
53.796
61.642
64.228
67.979
57.126
65.945
60.254
55.634
58.385
59.31
58.333
55.971
63.432
59.811
65.305
58.151
62.903
52.791
50.379
59.06
68.899
60.517
57.468
54.785
63.312
61.995
59.454
50.167
56.777
57.211
63.933
52.493
58.592
50.915
52.84
56.557
57.335
73.785
67.417
53.282
53.511
48.326
66.402
56.963
58.651
59.165
61.274
55.644
59.676
58.973
57.161
61.706
56.247
68.766
71.545
66.081
56.654
53.801
61.661
57.164
58.667
71.454
66.504
63.359
65.267
54.664
66.54
52.566
58.44
62.655
59.513
59.688
60.8
46.887
70.822
64.746
63.502
69.095
55.534
66.079
57.521
58.729
56.032
60.289
65.224
62.402
59.913
59.908
67.058
61.864
57.158
61.321
59.574
51.783
58.174
57.312
63.69
59.845
55.106
63.149
53.475
56.5
68.436
49.187
56.675
53.834
52.239
57.008
70.231
43.693
52.277
51.388
51.621
61.408
61.123
45.838
56.026
61.37
53.709
49.172
52.441
66.55
52.535
45.041
45.088
53.1
63.946
55.218
56.266
57.762
55.293
39.088
58.709
64.868
53.921
55.007
61.696
58.969
60.989
56.337
59.98
52.967
46.797
64.621
65.173
58.883
48.313
49.542
54.852
52.558
56.133
56.772
53.529
64.114
60.563
65.355
56.235
50.802
51.917
56.399
55.409
51.467
55.941
57.045
40.525
61.4
55.175
49.481
60.383
42.245
52.593
52.748
54.258
52.614
58.884
64.446
52.877
57.722
56.11
48.052
70.613
57.464
49.902
56.771
60.952
55.125
55.731
57.048
65.369
52.128
53.833
49.166
57.263
57.279
56.933
62.352
50.624
57.28
62.931
52.782
50.368
40.88
57.12
53.742
46.305
55.9
67.134
63.629
57.753
49.601
58.442
43.339
65.506
58.906
48.346
66.322
51.052
69.534
47.909
60.066
47.781
52.926
60.061
62.273
58.755
60.648
53.573
62.59
57.184
50.357
64.392
55.704
56.078
68.832
61.59
55.842
60.881
64.476
54.302
63.508
57.104
58.593
54.596
42.796
50.825
44.985
55.243
57.92
52.517
64.163
47.265
63.895
50.572
58.687
46.291
72.575
51.042
57.414
55.4
70.004
66.301
84.2
83.105
78.703
74.455
80.733
61.334
71.183
72.007
73.511
68.727
60.666
79.292
77.188
72.835
81.38
56.752
59.064
72.52
72.262
69.644
64.141
64.787
57.767
64.887
74.746
55.503
68.522
59.536
72.354
62.748
57.294
74.518
62.817
61.534
55.149
67.744
62.251
73.696
63.968
55.844
58.856
69.279
75.488
68.852
59.029
62.632
68.09
59.57
65.098
57.603
57.29
71.807
57.424
67.612
62.218
57.906
62.354
70.173
66.829
62.855
63.412
73.326
76.515
58.805
69.051
70.866
63.549
68.461
58.191
63.321
57.31
60.65
60.719
57.67
57.632
51.803
58.399
57.133
72.779
57.828
56.803
62.042
54.897
73.902
66.034
66.601
52.585
55.248
56.865
66.05
62.392
61.623
46.434
68.17
66.709
54.321
60.726
53.413
61.588
47.986
61.587
70.715
65.543
65.522
59.55
66.03
56.563
53.368
58.203
54.482
58.901
54.344
60.077
60.88
61.184
57.784
67.867
48.436
67.576
52.55
56.231
49.822
57.309
63.678
59.132
74.528
58.788
59.964
55.918
55.94
56.693
62.086
66.303
60.065
49.576
58.215
69.464
53.642
47.714
59.65
61.689
64.081
48.602
47.386
48.271
45.084
60.773
58.874
70.237
58.27
62.496
53.994
53.679
43.407
54.807
58.263
61.723
56.12
52.342
57.119
56.387
51.291
51.638
51.366
54.968
48.547
55.78
64.184
51.869
53.079
56.647
59.246
59.785
57.463
56.759
55.34
57.129
55.848
54.314
60.124
52.732
56.471
59.936
59.919
53.741
54.224
56.437
73.732
52.236
61.304
61.222
60.392
58.313
51.866
59.335
55.815
66.946
62.166
55.201
47.665
57.851
48.361
64.681
48.683
53.192
40.772
54.786
54.661
50.98
52.64
52.141
50.182
58.703
58.598
53.944
53.533
49.69
60.25
56.274
47.751
58.166
54.885
57.364
66.374
59.23
54.21
58.525
53.738
55.849
55.933
50.843
42.976
54.052
44.566
63.85
59.992
46.816
60.883
66.15
47.708
58.054
49.44
57.988
52.031
59.298
52.276
59.942
56.458
52.684
47.313
37.304
59.439
60.018
61.711
55.576
68.065
67.62
50.875
68.852
52.335
58.733
65.163
59.331
56.542
48.415
52.595
48.841
53.421
61.934
58.87
51.701
59.984
55.426
61.767
50.69
60.469
55.337
62.034
63.983
55.173
45.083
64.576
43.418
58.541
53.569
54.758
52.271
54.795
49.402
50.88
51.785
52.515
59.117
60.269
52.912
59.646
50.945
51.601
56.806
56.923
54.378
56.053
58.122
43.103
49.27
57.746
49.762
53.835
63.156
57.027
53.094
60.181
60.974
55.014
52.472
57.183
55.142
57.818
57.118
49.068
53.114
52.594
54.573
56.829
58.752
55.779
48.24
61.831
53.952
57.157
48.301
54.218
65.603
45.844
49.695
60.399
52.127
46.321
42.805
47.821
47.555
47.151
52.931
55.854
58.949
55.339
58.317
45.545
55.21
46.806
49.878
44.666
61.701
49.014
48.936
48.72
69.224
62.381
47.195
60.911
60.924
53.055
60.303
52.213
47.432
59.058
59.43
62.369
55.774
67.223
70.206
73.604
65.132
70.413
75.461
53.605
64.798
74.676
80.794
76.833
75.539
76.674
87.829
81.756
78.096
73.675
70.157
71.625
74.137
69.446
67.341
76.874
81.235
68.12
67.49
85.676
66.84
62.839
60.868
73.301
66.563
67.069
71.656
68.533
56.046
63.835
57.792
57.296
66.279
60.516
60.442
68.267
78.482
69.761
72.677
57.476
68.018
73.427
61.918
56.236
67.419
59.717
64.273
52.431
61.083
64.227
56.744
52.167
57.854
64.228
52.077
69.779
57.097
62.46
65.265
60.464
55.634
57.372
59.065
63.763
53.696
62.73
52.575
61.225
61.469
57.446
57.109
58.778
58.651
62.674
55.696
59.52
67.355
61.068
60.932
63.448
58.099
62.117
52.767
60.506
57.784
57.665
55.213
52.59
43.64
75.872
63.05
41.417
54.601
43.949
58.362
48.972
70.186
60.257
64.023
59.956
57.787
59.473
56.559
57.042
55.982
46.579
62.392
55.962
60.064
58.01
53.493
58.743
51.321
60.597
54.143
55.343
64.554
54.91
49.112
53.055
57.791
55.302
64.959
54.368
53.792
59.973
58.29
63.212
60.156
52.16
51.948
52.734
54.103
55.613
51.726
52.046
58.341
60.05
56.786
50.63
54.347
43.826
47.106
60.192
50.025
59.286
45.792
61.283
59.371
53.137
60.636
58.507
63.973
58.632
57.229
61.213
53.186
53.563
42.527
47.791
59.631
55.593
56.257
49.712
51.232
55.66
50.55
59.41
59.156
51.316
52.038
57.75
56.341
50.467
57.767
56.05
46.25
53.329
60.474
48.768
49.923
54.372
42.938
61.467
53.789
58.318
49.238
49.034
56.242
59.114
46.558
54.18
50.385
50.863
45.351
51.43
62.413
50.401
52.921
52.469
46.236
59.203
46.537
60.832
46.735
68.495
56.678
56.077
53.955
61.279
61.846
54.546
53.094
57.289
58.169
57.5
53.149
58.44
56.108
56.644
51.39
47.26
46.968
42.614
49.399
45.236
56.239
50.215
45.621
48.363
63.52
59.839
46.87
54.512
49.286
56.2
49.681
53.235
54.208
35.467
59.408
50.395
51.92
50.503
52.57
60.488
57.261
50.566
61.917
54.463
63.663
50.417
62.181
51.461
53.273
44.125
53.597
63.969
51.934
53.969
48.747
54.728
56.879
48.087
42.923
56.644
54.218
50.697
64.917
52.903
51.909
49.921
54.135
41.042
57.471
56.715
54.312
58.865
49.311
51.202
54.306
54.13
53.176
50.455
54.92
52.296
53.542
56.732
46.848
57.5
51.279
53.096
53.076
55.973
63.875
61.543
57.077
53.795
52.985
55.399
65.589
56.98
56.788
61.916
47.525
54.69
43.496
57.146
57.741
48.722
44.894
58.46
58.704
57.226
56.161
61.399
39.317
55.576
50.937
44.578
59.634
49.389
51.565
51.802
58.612
51.594
55.495
57.499
48.655
48.535
59.615
58.209
55.437
61.426
54.096
53.615
52.855
53.154
44.407
61.205
47.781
51.518
56.929
62.731
52.493
60.125
48.132
62.653
46.777
59.997
51.06
56.988
57.945
67.594
70.952
66.413
70.293
73.037
82.524
68.756
65.661
61.693
61.647
78.966
61.582
71.527
65.86
65.608
67.494
65.359
65.837
65.315
61.96
70.31
63.421
59.789
67.448
70.552
54.133
67.87
61.264
64.414
76.534
56.201
56.797
65.178
71.354
68.669
67.209
76.281
56.782
63.725
56.415
52.158
66.969
66.84
68.766
56.7
64.326
67.842
71.883
64.673
70.31
64.743
63.19
67.812
51.34
69.861
59.332
58.424
58.205
53.21
65.07
67.294
62.508
68.809
58.413
65.435
51.981
58.929
57.155
63.746
59.217
54.116
65.172
52.664
61.061
52.075
62.047
56.179
52.759
52.243
59.378
61.787
47.454
60.527
68.738
63.45
63.858
58.775
50.238
59.118
58.14
56.781
55.873
50.812
64.133
47.4
60.525
56.59
61.678
66.005
53.745
59.733
58.22
50.347
64.973
51.624
56.804
69.057
50.153
60.031
54.296
61.368
60.695
54.454
60.037
53.48
56.949
66.601
55.924
62.049
46.781
61.782
53.575
63.284
57.009
49.048
58.788
51.006
43.741
58.529
48.477
53.777
47.742
50.855
60.014
60.796
58.871
52.205
51.834
59.793
57.16
53.012
72.559
64.255
43.105
60.006
58.59
57.763
55.358
71.477
55.966
63.155
57.547
55.734
59.141
61.636
64.128
58.023
58.253
60.284
61.101
57.431
43.575
61.234
62.533
60.028
64.415
61.602
53.598
63.119
63.102
57.573
50.755
59.133
46.466
60.498
53.865
62.454
53.91
56.419
47.601
52.14
57.623
48.944
56.018
57.995
51.32
61.167
60.844
48.205
59.385
56.238
56.552
46.722
57.478
59.288
52.322
50.907
60.593
58.974
48.517
55.746
65.387
44.587
50.208
59.575
49.844
60.986
55.414
43.157
52.777
58.574
59.692
47.187
42.702
55.295
58.05
58.943
55.688
61.241
52.409
47.673
48.856
61.186
56.604
50.921
49.117
60.415
62.789
47.995
57.105
54.515
45.72
67.758
53.209
62.599
45.472
48.108
55.859
50.757
52.804
59.608
58.302
64.18
48.621
52.13
54.706
51.392
50.435
67.117
45.933
47.983
52.578
44.629
54.327
54.962
50.201
48.408
57.517
58.64
51.234
43.411
51.283
50.34
32.903
54.515
58.387
46.41
53.513
50.651
54.535
50.064
43.957
54.25
48.425
49.71
46.244
55.989
45.401
49.924
62.153
53.489
54.581
55.639
49.987
55.462
48.499
52.302
55.373
44.079
71.844
47.296
44.864
57.135
53.688
58.632
53.201
60.02
47.159
41.707
64.337
48.281
47.843
50.708
60.082
53.783
50.991
54.75
53.808
52.238
55.857
51.176
57.978
61.38
53.695
54.017
55.75
53.576
55.619
53.125
59.903
53.376
57.517
64.54
51.01
51.273
58.852
52.346
48.077
40.645
67.466
45.107
52.539
53.959
52.162
52.626
56.665
58.483
52.544
60.82
42.777
54.195
59.035
58.659
46.667
59.537
46.177
48.794
52.486
48.344
48.888
57.287
55.405
65.107
54.017
56.359
53.082
47.865
66.892
54.957
53.42
59.09
56.647
47.549
50.22
53.395
50.257
56.44
48.777
56.457
51.702
63.549
59.65
57.907
63.404
64.352
60.321
60.218
54.804
67.257
53.469
63.303
55.387
65.354
59.893
54.316
48.543
56.888
53.784
57.44
45.249
64.248
55.149
57.508
61.483
68.342
56.083
51.522
68.256
58.183
58.078
60.908
52.902
71.239
57.11
58.91
65.741
61.067
57.205
54.097
53.676
65.359
58.557
48.479
58.65
50.988
68.222
48.7
59.049
59.105
58.716
53.435
62.402
51.842
46.585
52.15
62.437
51.073
52.188
59.043
51.688
66.931
66.376
59.092
63.396
55.019
63.754
56.993
63.678
54.07
60.082
64.02
59.426
57.44
49.913
65.686
57.625
63.913
47.833
49.43
59.533
57.099
53.427
62.779
50.062
49.875
61.22
50.806
47.774
56.199
54.022
56.553
58.313
56.587
57.515
57.285
53.77
59.618
55.825
55.179
42.141
57.229
63.44
47.707
47.592
60.18
52.921
59.938
55.749
41.834
48.282
52.91
47.901
49.472
54.057
51.046
56.119
47.244
48.554
47.433
48.956
52.989
45.779
59.442
66.595
52.084
51.257
56.048
53.1
56.722
50.46
56.03
64.489
42.271
51.582
43.825
63.686
54.435
52.768
47.171
57.57
55.266
49.747
44.914
51.932
56.449
58.576
56.722
47.595
47.689
48.339
42.412
55.697
56.292
49.312
49.865
45.934
51.522
57.489
59.408
59.42
56.071
59.114
49.13
63.683
53.401
56.996
55.127
64.331
62.947
55.147
53.499
48.158
49.328
50.791
44.54
46.069
64.117
55.434
54.711
52.551
47.412
55.505
54.35
64.035
52.508
58.776
56.758
52.13
55.71
50.312
39.587
50.856
47.541
46.875
63.654
44.07
56.437
45.635
50.924
51.217
55.782
53.994
57.143
53.619
65.151
43.779
51.104
50.991
47.661
47.396
59.752
58.223
46.236
56.449
52.177
58.476
54.1
56.927
53.682
51.744
53.942
51.278
54.974
56.791
54.922
58.069
63.362
50.116
53.319
54.023
52.548
60.551
51.394
50.452
49.842
56.239
55.533
41.84
41.691
64.757
50.22
52.369
54.571
47.902
50.403
45.614
58.416
49.534
55.636
49.912
46.5
57.994
55.983
47.951
48.181
53.566
57.959
59.359
47.451
53.034
49.048
51.421
47.484
46.496
51.53
58.945
53.819
54.683
52.273
56.88
50.337
54.897
45.732
56.342
53.277
55.167
55.308
49.592
53.412
51.571
52.964
57.664
46.582
57.658
56.421
51.745
59.34
51.574
52.763
55.459
58.48
57.992
49.59
43.199
60.917
56.64
54.304
57.042
58.651
58.457
52.445
54.621
55.789
50.845
43.544
47.355
49.371
67.527
61.899
45.885
60.995
52.947
55.403
59.511
50.888
55.403
60.974
53.533
50.303
41.042
55.158
44.158
62.072
59.496
43.092
56.136
61.681
51.457
48.98
53.418
64.011
61.713
62.712
56.65
69.797
55.309
57.98
60.358
61.773
61.022
66.086
75.836
81.89
76.403
77.335
84.801
72.22
69.669
82.951
74.144
69.145
72.032
81.464
62.248
75.731
74.747
61.175
56.399
69.816
58.768
69.78
62.932
62.732
50.465
66.879
55.658
62.705
69
59.728
67.972
51.647
73.122
48.143
68.85
54.876
55.512
61.522
67.995
56.013
65.306
62.997
58.974
62.885
57.236
65.547
66.08
60.337
64.767
59.56
58.974
54.432
57.88
60.258
57.482
60.175
51.245
55.598
62.124
63.079
56.137
63.867
61.502
60.082
59.226
59.139
59.506
59.6
47.223
54.06
57.653
59.85
55.984
59.034
69.384
69.025
70.861
74.158
81.943
72.177
68.432
79.2
68.711
71.186
68.606
71.412
76.532
71.17
71.229
61.02
75.059
55.062
73.676
63.184
67.574
58.759
60.331
58.547
56.307
64.962
61.407
63.114
61.851
53.219
53.312
54.927
54.072
53.332
58.253
56.58
66.982
61.671
61.667
54.596
64.58
57.181
53.052
59.239
61.583
61.9
58.386
63.772
68.927
57.616
55.375
61.408
63.192
64.36
58.61
61.981
61.773
69.289
64.039
55.95
58.708
73.412
52.968
68.421
58.075
58.141
65.113
55.819
60.677
57.271
57.045
51.025
61.701
50.15
61.83
53.707
54.732
59.865
52.494
61.72
65.514
57.079
52.665
69.074
58.24
43.248
58.531
58.992
57.29
51.772
65.549
56.376
48.26
64.325
67.554
59.257
50.493
50.954
52.102
50.797
50.523
45.674
62.807
46.908
60.65
56.596
60.951
46.066
53.912
62.229
45.028
53.16
50.965
54.603
60.251
49.431
50.898
61.6
58.363
53.39
52.546
55.674
52.574
58.248
55.979
70.466
46.065
56.279
54.103
54.089
48.606
48.066
57.251
59.968
49.805
60.628
50.575
55.142
59.789
51.054
60.804
64.876
54.966
57.825
53.101
63.716
55.027
53.068
53.869
61.131
55.804
57.92
50.198
69.848
54.832
51.802
48.577
66.415
60.564
58.124
57.124
60.017
56.893
54.954
58.449
59.529
59.722
49.489
58.95
61.927
43.931
50.96
59.718
51.594
52.494
55.215
54.941
51.275
53.744
51.827
54.658
47.589
58.395
49.359
54.178
56.426
63.238
65.128
58.181
56.401
61.275
53.756
45.485
53.997
53.332
52.421
48.181
57.856
57.882
43.446
54.818
55.853
57.732
57.67
59.503
48.264
51.359
61.109
48.494
56.174
51.792
46.812
55.49
52.863
49.736
66.363
52.77
54.73
47.093
59.21
56.529
53.829
60.433
50.581
71.29
56.685
45.906
59.87
51.436
48.068
56.675
52.863
63.092
55.77
52.637
56.335
48.076
60.003
58.143
69.999
55.157
62.379
44.406
46.89
48.498
57.053
44.636
54.22
60.939
51.029
46.924
58.086
45.677
61.805
56.093
55.565
51.998
47.437
51.858
53.288
52.603
49.069
64.549
42.509
58.562
43.277
52.385
52.974
57.148
46.689
53.368
49.667
55.351
57.811
47.39
55.237
57.003
55.091
53.531
54.46
53.974
53.364
57.84
49.577
49.141
49.717
61.828
55.314
58.517
59.172
57.549
49.855
58.128
67.645
67.755
81.035
62.614
61.542
68.327
69.355
56.559
66.772
62.591
66.367
63.217
59.06
59.623
63.208
61.537
63.434
50.643
64.432
58.676
66.741
63.478
63.223
57.073
52.648
60.679
61.637
63.617
55.06
54.298
53.962
53.262
53.947
62.642
58.892
47.898
58.945
62.277
51.934
51.81
54.756
55.074
56.564
51.771
65.376
58.935
60.519
49.842
65.033
56.368
58.966
57.941
44.864
58.813
45.002
56.308
52.568
49.515
58.226
45.893
51.198
51.539
39.034
50.392
62.364
62.238
60.044
58.368
46.433
53.74
55.204
64.023
52.831
62.811
54.631
54.566
56.188
52.808
59.327
57.234
59.9
56.247
64.389
59.24
47.103
66.643
61.589
53.043
53.058
60.301
48.652
55.124
51.319
56.936
52.66
59.376
52.94
51.347
45.511
50.249
56.836
50.287
45.692
57.505
53.346
56.532
56.255
52.469
56.344
57.235
54.668
54.229
49.917
47.673
53.429
59.743
41.443
56.301
50.198
52.783
60.101
56.375
57.926
57.897
53.688
47.002
65.449
56.071
50.282
52.62
47.821
54.787
48.255
45.604
53.281
48.537
52.247
50.777
56.244
52.411
57.853
56.076
45.527
50.887
45.727
53.986
48.577
49.972
52.144
57.885
53.556
59.759
58.689
51.257
67.984
58.59
49.686
45.629
55.931
56.765
51.13
57.403
52.771
39.519
64.704
49.326
53.409
51.371
48.048
53.05
53.319
52.884
43.39
49.779
58.445
47.627
51.329
53.476
57.145
52.135
50.225
58.769
65.279
72.176
77.542
79.372
70.076
60.901
66.384
67.681
49.602
72.459
56.297
66.103
68.981
65.386
61.902
61.74
47.25
59.238
65.793
54.627
61.018
55.352
61.326
60.258
55.865
51.223
65.136
57.76
50.097
59.607
48.953
54.291
51.841
52.728
63.453
54.169
61.424
59.761
57.196
62.677
58.295
55.339
62.093
58.447
49.746
44.903
50.86
46.964
51.71
49.649
53.865
46.527
48.689
54.356
54.973
55.523
52.276
46.688
55.934
54.437
64.783
56.955
61.429
58.06
55.461
53.041
59.146
42.857
50.59
50.597
50.709
51.948
51.132
50.583
56.249
46.592
49.472
44.11
56.449
50.766
56.929
49.979
54.079
57.414
53.069
48.093
46.956
42.148
48.292
59.064
55.445
51.283
53.545
53.028
49.491
50.574
47.636
57.019
50.768
60.894
48.491
57.241
49.246
50.676
44.167
55.388
47.286
55.634
55.419
47.092
45.267
54.728
52.077
51.518
51.345
54.16
52.84
57.018
51.085
58.667
52.802
52.426
46.752
54.488
56.756
49.781
54.98
52.87
58.252
48.374
52.676
49.751
55.108
54.45
54.238
45.291
41.759
46.2
46.981
49.215
52.673
56.051
49.847
39.984
49.778
54.411
42.105
54.383
53.072
48.124
57.046
58.636
55.937
55.626
51.246
51.316
52.193
53.432
47.234
48.953
51.177
63.9
50.584
56.011
61.309
49.818
50.956
46.152
56.64
54.479
58.574
51.914
61.153
47.002
53.784
58.015
46.754
54.694
47.458
46.316
46.63
60.24
52.341
49.159
55.929
57.284
52.699
60.076
66.608
61.574
55.356
82.083
71.805
60.053
62.207
79.309
64.595
66.916
61.398
58.928
74.562
53.253
65.905
58.32
61.614
66.503
60.333
58.712
64.188
62.681
60.659
55.009
63.483
53.241
58.215
57.247
53.544
62.533
56.13
55.329
49.726
57.824
64.189
48.029
55.545
51.9
55.869
64.676
58.004
50.226
67.455
53.394
64.035
60.832
58.139
59.403
55.826
78.348
73.336
82.74
72.937
73.487
74.935
81.628
71.43
67.985
73.532
65.853
75.012
60.044
61.148
68.892
59.543
55.475
52.021
68.92
64.748
55.058
59.327
56.838
54.4
63.369
58.962
59.305
61.457
61.033
54.633
61.895
62.003
58.519
56.561
56.155
57.836
56.058
45.667
55.088
61.431
56.818
66.478
59.169
62.711
52.497
62.418
46.588
59.992
59.326
58.379
58.061
56.566
60.428
62.54
64.066
60.467
61.368
54.044
35.508
54.976
52.984
63.792
56.514
47.056
69.222
52.446
52.927
63.748
60.486
50.383
48.705
54.141
61.5
61.284
57.151
49.225
57.611
43.317
53.95
64.502
53.859
56.892
52.446
58.945
41.992
50.226
58.15
53.047
56.031
59.036
54.454
57.001
51.452
60.867
58.266
56.136
57.707
47.2
58.811
61.188
56.85
49.328
48.213
60.646
59.48
65.746
56.435
62.986
48.626
62.355
49.996
60.51
59.919
58.674
53.325
55.775
46.687
54.733
49.176
67.697
62.112
61.658
51.584
50.735
49.219
54.339
42.292
52.141
60.35
52.478
52.897
53.915
52.565
54.137
51.542
53.761
58.051
58.163
59.505
45.821
53.472
45.27
56.119
56.907
55.682
55.748
55.143
55.521
59.367
50.36
49.232
55.466
51.44
56.242
52.341
46.883
53.801
43.639
49.346
50.388
44.827
57.233
55.027
53.248
52.477
51.768
58.837
57.333
58.32
60.025
53.208
58.572
46.351
48.888
48.69
53.192
59.395
46.928
51.501
57.178
61.445
51.716
51.038
53.863
56.39
57.116
56.473
58.263
56.376
54.543
48.988
51.662
51.679
58.74
47.606
52.222
50.416
50.137
50.684
50.315
60.439
52.614
58.21
57.985
51.028
57.435
48.582
50.495
64.584
49.531
59.265
58.001
60.652
56.635
51.388
43.574
63.188
50.108
63.309
56.502
57.001
64.964
52.508
49.32
51.524
52.203
72.059
48.977
57.967
58.062
52.873
48.127
55.694
47.159
61.842
57.247
56.243
58.229
49.53
50.597
44.32
52.454
47.749
46.604
52.06
53.677
47.442
49.425
47.81
60.504
48.32
52.118
43.67
57.257
58.502
49.123
44.81
47.811
48.911
62.821
48.345
51.993
57.295
47.768
62.169
53.977
55.577
55.657
47.192
55.221
41.797
52.436
54.639
50.621
52.853
59.263
52.267
48.539
51.811
48.748
49.983
54.929
58.074
56.587
54.366
51.644
45.907
55.368
46.622
61.432
59.137
53.187
53.879
52.145
64.785
58.791
66.06
75.723
53.948
63.048
54.101
83.375
66.99
55.77
63.39
56.417
84.666
83.975
90.473
84.74
89.576
71.808
89.443
72.098
83.826
73.614
82.798
79.868
74.92
72.093
83.014
75.676
82.412
68.863
77.583
69.989
63.513
70.894
64.285
62.275
68.044
67.046
64.331
58.257
61.072
66.555
62.676
51.85
62.7
57.167
55.414
59.36
46.266
67.349
61.142
54.065
59.063
51.887
64.949
56.768
69.628
61.412
52.127
68.409
58.712
68.063
61.841
61.086
57.471
53.242
66.597
55.501
53.324
58.9
64.149
58.919
67.293
63.402
62.589
59.067
72.277
56.419
59.379
56.033
66.606
68.657
61.328
71.902
64.467
61.345
60.96
69.616
57.92
60.425
70.749
60.002
65.544
70.271
66.875
69.802
56.955
63.91
62.573
54.622
55.964
69.362
53.253
64.447
55.858
62.562
60.036
49.654
58.758
60.536
56.995
60.758
49.665
61.44
64.656
53.24
55.849
57.723
56.031
55.944
48.295
65.054
54.877
51.194
60.381
52.382
59.135
47.21
59.543
61.201
50.772
51.136
47.518
63.756
51.746
52.523
58.188
48.827
62.915
51.29
53.243
48.396
50.965
59.099
48.954
56.573
53.193
49.794
48.36
55.404
52.029
47.829
56.199
55.564
57.102
55.215
46.272
49.045
62.528
59.682
41.953
53.928
51.396
47.021
58.982
61.205
45.371
60.264
61.202
62.27
54.902
49.081
56.58
61.987
54.468
55.243
46.875
58.717
62.201
49.863
58.22
52.947
51.537
62.574
55.841
53.719
58.896
51.217
56.496
49.349
56.16
65.053
53.883
50.745
63.221
61.485
53.626
56.009
58.903
56.767
59.188
67.061
51.888
59.129
57.07
47.177
49.339
63.764
55.512
60.883
61.711
51.859
56.301
54.036
56.828
56.556
53.746
59.445
49.415
43.954
47.87
61.562
55.063
54.054
62.099
56.596
52.833
48.285
51.243
48.847
58.109
49.515
59.67
55.878
54.814
53.348
46.579
49.149
56.647
48.223
63.62
51.924
47.816
51.886
50.583
46.618
60.312
62.334
56.228
58.953
60.034
55.226
43.226
49.725
65.252
59.442
56.468
46.01
56.556
59.839
49.003
54.641
58.657
51.61
50.908
50.361
43.25
58.287
55.718
51.367
61.723
50.124
51.455
50.123
59.521
50.3
51.653
52.839
58.976
53.126
46.774
58.487
49.532
57.136
46.583
58.529
49.831
53.341
54.508
56.579
51.578
58.928
50.478
49.636
55.55
54.578
58.992
55.175
55.912
59.76
41.827
51.028
54.536
59.188
65.078
56.652
50.426
48.584
42.832
50.58
54.419
47.066
51.632
49.12
65.059
51.127
53.297
47.682
58.671
55.609
63.209
54.633
50.729
50.859
54.351
48.396
48.56
59.936
52.631
57.713
44.859
56.827
56.57
54.314
53.857
49.978
56.847
47.564
47.83
56.042
46.965
46.879
53.34
48.867
57.112
50.142
58.51
57.257
63.78
48.04
54.49
52.241
44.732
57.065
64.88
49.852
51.347
62.28
55.052
56.613
72.296
70.415
73.479
68.213
62.223
71.913
71.314
71.252
75.205
67.431
77.494
82.69
93.266
74.702
82.16
85.358
94.894
97.673
98.411
88.521
93.383
99.527
97.81
90.654
95.806
97.054
90.12
83.149
104.86
93.471
79.131
84.758
80.798
76.278
60.804
73.255
67.998
68.953
66.113
59.966
74.717
77.329
67.161
63.382
67.557
66.911
61.573
70.224
59.548
61.54
68.713
79.563
69.309
65.296
67.119
65.056
66.45
66.612
54.927
74.992
76.476
58.633
63.771
59.969
64.126
70.08
56.346
59.932
55.739
52.252
62.049
61.24
60.976
61.284
67.997
56.588
55.467
60.282
73.768
53.209
59.539
69.945
70.678
59.465
51.366
63.006
55.432
71.543
60.851
51.589
69.77
59.044
47.574
58.707
64.189
69.215
67.328
59.757
60.101
64.142
57.812
55.513
67.57
64.415
49.97
68.989
58.788
61.933
63.085
59.615
58.911
65.222
65.141
60.701
58.1
66.544
59.287
63.708
61.396
61.665
53.495
64.619
62.068
57.289
63.406
63.929
58.992
64.586
59.304
64.734
50.051
63.699
47.821
55.738
61.534
61.469
49.765
63
61.463
51.872
62.432
53.118
56.818
56.853
65.343
53.574
58.596
56.298
45.583
53.328
49.889
54.564
54.822
53.26
57.867
60.475
57.662
59.292
64.409
58.788
60.799
45.938
57.573
48.857
67.467
51.941
55.834
60.187
64.53
57.869
57.805
54.014
58.993
55.539
53.885
72.012
52.88
57.041
65.295
69.049
46.01
64.428
59.676
56.528
57.065
58.528
57.887
62.466
65.383
66.883
58.652
56.741
61.475
54.316
59.749
70.361
66.526
63.025
59.205
57.384
60.641
50.774
68.855
67.011
62.368
64.072
50.08
58.921
58.736
64.293
47.553
52.095
54.289
49.048
60.345
50.104
59.019
54.322
58.004
55.882
55.962
49.547
69.847
56.47
50.615
52.718
57.788
63.088
55.916
64.72
60.316
66.791
55.968
55.514
58.388
66.487
53.678
59.158
46.472
52.855
51.077
52.351
52.417
54.469
53.194
51.997
55.125
50.296
56.359
54.299
47.384
49.285
54.626
52.255
52.569
42.221
48.296
47.881
52.397
63.014
57.465
56.529
67.913
48.279
51.067
49.545
60.954
49.968
48.784
63.46
54.166
53.086
54.012
53.697
55.83
49.752
56.066
46.338
61.454
42.71
52.799
44.319
42.971
64.055
56.135
44.528
51.583
52.182
54.139
49.345
58.652
56.952
48.612
56.408
46.547
59.674
48.413
51.472
52.562
63.385
58.123
45.888
62.646
48.747
44.134
54.67
54.194
53.132
50.952
55.839
59.352
48.915
54.741
58.842
58.761
46.98
48.053
53.356
53.478
57.609
48.74
46.859
51.424
56.76
45.628
54.516
52.064
45.33
48.543
45.838
45.915
52.852
51.565
54.085
49.563
52.039
53.747
48.555
56.635
48.99
49.626
51.766
50.416
47.383
48.024
45.976
49.836
51.709
50.062
43.628
59.627
49.998
57.302
57.941
45.191
56.661
52.039
49.973
57.992
55.997
53.09
46.811
48.778
49.578
56.961
61.944
51.831
59.988
52.578
61.03
46.174
51.841
48.936
62.625
49.068
56.523
48.812
54.113
54.32
53.845
56.329
48.36
52.076
45.96
49.377
47.107
54.876
47.067
44.711
47.568
57.592
47.492
49.274
48.579
48.573
47.311
54.719
50.61
48.74
60.189
48.508
56.261
41.532
53.974
53.497
52.018
49.033
50.15
52.682
52.455
54.624
51.944
59.874
56.093
57.911
60.083
62.887
51.978
61.654
53.845
45.74
47.409
53.403
53.529
48.81
50.029
53.948
56.498
59.391
47.055
72.358
43.988
59.522
47.244
47.193
47.414
43.525
53.267
51.167
55.281
50.96
54.624
52.628
42.304
47.335
47.262
51.785
59.184
62.09
60.708
55.961
39.925
46.375
48.984
47.22
52.953
49.965
54.374
50.913
55.697
54.445
54.42
57.714
54.162
54.108
54.212
43.725
41.611
53.201
49.885
51.298
64.531
55.38
47.367
46.878
50.85
36.145
59.162
63.168
53.948
45.63
54.322
47.159
50.52
46.678
39.206
54.527
43.192
54.416
43.274
49.237
50.427
54.661
46.548
47.418
46.365
47.801
57.136
62.044
49.712
52.942
46.838
52.363
53.178
53.332
43.047
57.71
47.476
44.616
46.342
45.671
48.141
45.216
54.167
49.238
60.982
49.405
54.462
41.351
46.788
66.582
62.009
44.795
48.925
62.262
44.562
47.462
43.025
46.316
49.123
53.732
57.055
48.666
48.448
45.521
57.997
43.399
55.612
50.236
49.429
51.441
42.707
57.644
52.601
50.817
47.414
54.932
57.733
55.383
54.677
52.346
51.673
55.77
50.697
63.811
49.319
42.086
50.73
47.297
59.539
64.699
55.225
55.415
53.139
47.385
52.707
58.091
52.862
52.134
52.732
51.566
46.958
46.809
48.96
49.687
51.472
49.448
63.133
50.015
57.122
47.768
58.984
51.942
47.032
56.727
51.744
44.635
52.708
51.75
50.1
45.846
46.328
58.594
52.975
56.868
42.287
54.252
39.518
51.748
50.244
54.938
55.803
54.406
49.981
41.273
49.139
54.685
48.451
53.429
50.427
56.291
48.878
52.614
46.535
41.815
46.19
39.457
51.271
58.106
54.188
52.728
51.752
48.684
47.806
54.082
58.505
48.065
38.651
59.734
58.276
45.088
43.736
50.359
40.087
56.99
48.448
53.237
43.965
48.566
56.567
52.756
50.235
51.349
58.558
46.18
48.277
57.263
52.423
59.808
49.026
55.144
59.871
56.147
57.042
53.189
49.381
54.386
52.06
47.137
49.625
44.352
45.916
49.542
48.354
57.986
50.896
55.654
51.431
58.568
49.021
50.927
47.435
52.626
42.644
48.745
57.439
48.619
57.148
47.225
57.262
46.136
47.729
47.016
53.592
45.884
49.281
49.403
54.521
49.076
50.396
53.114
51.679
50.751
51.399
59.328
47.611
45.518
52.409
45.542
51.225
44.35
42.503
41.767
51.429
44.833
44.018
49.449
39.99
54.068
53.459
57.422
46.514
64.101
55.441
58.079
68.59
62.609
66.25
60.878
67.241
55.205
51.057
58.014
58.649
57.344
77.48
81.873
84.771
73.667
81.433
76.965
88.088
76.389
102.18
83.074
101.96
94.521
80.91
89.299
88.792
95.937
89.174
77.675
85.499
78.027
72.415
70.952
73.184
67.804
66.343
78.959
75.469
64.739
72.804
78.053
65.871
73.111
61.638
58.718
63.407
59.481
59.253
64.76
67.711
66.339
76.683
62.969
65.948
69.091
57.307
62.348
59.948
69.888
63.424
68.253
61.702
68.621
56.194
61.431
64.715
56.584
56.795
51.972
55.069
55.291
58.598
45.9
57.059
51.767
63.332
63.09
56.942
58.395
56.728
50.651
51.559
62.643
56.076
58.398
55.916
57.073
53.975
63.22
61.979
49.787
51.98
53.243
58.565
55.55
63.918
62.345
50.625
51.159
58.562
60.773
64.037
50.936
64.977
62.181
51.819
56.53
62.887
57.41
55.734
70.002
58.921
52.183
66.745
48.324
61.78
57.026
58.685
51.17
54.031
66.622
49.897
57.226
58.248
48.485
54.975
53.174
51.873
53.4
53.903
53.127
64.188
54.384
62.374
59.912
52.674
63.591
65.328
48.79
57.598
49.19
56.114
43.919
52.569
56.882
57.432
61.769
51.203
68.71
53.3
65.516
55.404
53.594
51.136
51.034
47.497
55.862
63.749
57.001
50.95
53.598
53.018
51.086
53.487
56.628
54.202
56.101
61.765
47.845
51.46
53.638
46.755
59.88
57.203
56.293
63.237
54.406
58.325
56.422
42.488
54.647
59.659
52.115
53.399
48.03
52.715
57.388
53.782
53.038
51.222
56.066
44.912
57.731
52.435
53.581
49.445
54.765
55.339
53.887
52.926
56.605
50.555
50.221
62.756
55.567
51.657
54.587
46.584
54.279
58.314
55.535
52.635
53.036
53.808
45.427
52.504
56.317
50.479
55.272
51.585
57.43
50.428
47.962
46.288
55.927
58.21
51.463
46.539
59.693
62.674
44.568
60.619
46.061
40.232
57.246
49.559
46.979
59.087
61.41
54.753
58.848
52.323
52.134
48.132
46.78
43.215
49.259
53.555
64.101
46.296
54.43
53.549
46.159
54.74
58.282
47.736
49.626
52.259
52.666
40.133
48.896
50.813
53.201
48.776
47.062
53.853
45.569
52.178
56.174
41.201
56.786
51.291
52.216
62.953
38.56
58.592
49.396
44.837
55.455
56.919
53.492
50.593
53.754
51.327
50.508
41.289
50.358
41.355
47.421
45.864
53.799
51.733
53.039
50.703
47.089
51.787
47.535
45.8
47.944
43.127
32.487
49.644
45.068
56.028
41.427
53.474
53.414
46.085
54.146
52.953
47.441
52.062
50.925
50.853
45.757
53.197
54.271
48.781
45.461
47.273
49.986
52.169
41.237
53.139
48.508
50.04
60.729
52.56
49.177
51.3
48.428
47.13
57.011
47.002
42.902
58.051
51.83
48.507
51.859
46.091
55.017
47.692
50.181
52.477
48.954
50.982
50.1
52.797
45.85
40.581
48.882
44.231
54.56
42.579
51.356
50.595
54.672
58.983
67.442
61.741
64.894
69.222
61.747
60.18
59.657
56.825
56.883
56.774
64.488
63.837
50.155
59.258
55.813
61.002
60.106
54.345
51.245
56.316
61.154
56.992
61.388
49.368
52.307
51.866
59.957
46.877
55.296
52.174
52.281
59.984
53.021
54.104
55.702
54.378
57.828
50.34
46.231
42.888
52.625
57.342
48.917
51.954
58.572
54.985
48.755
51.742
77.609
78.052
79.495
67.355
70.633
82.32
71.14
78.277
66.659
63.713
80.13
75.604
85.59
91.004
89.947
93.146
85.752
93.227
108.43
106.73
115.83
119.68
102.24
109.39
106.57
92.556
93.813
92.966
87.04
93.62
80.787
90.093
87.744
80.789
79.075
80.712
73.57
77.688
80.861
75.52
83.376
102.39
98.159
96.927
97.748
109.71
101.31
98.62
93.723
103.08
86.612
109.55
92.468
99.107
83.378
88.498
83.356
97.084
89.036
85.231
82.422
82.46
76.261
78.168
73.595
70.208
65.096
78.935
81.879
74.44
68.152
64.399
70.161
62.66
55.945
64.81
62.845
58.869
68.243
72.383
63.203
60.568
69.158
58.232
59.4
62.399
63.227
60.817
60.452
51.321
68.077
61.289
64.048
63.237
62.289
65.007
63.821
62.956
59.717
51.634
63.09
58.555
52.342
58.682
67.919
63.681
56.821
57.902
68.065
53.663
59.638
53.494
60.972
68.673
57.227
55.367
58.178
58.324
66.686
57.39
43.056
50.663
48.586
57.096
52.872
44.201
59.61
53.08
60.847
51.428
52.027
56.513
59.795
57.341
59.167
60.144
55.942
54.931
52.229
68.688
71.201
57.617
63.97
56.984
54.04
55.529
61.225
77.277
51.485
55.683
62.199
55.908
59.465
51.342
56.145
58.392
47.583
51.631
60.398
57.205
54.075
52.65
60.32
64.221
50.349
55.423
51.445
57.99
55.164
52.954
58.407
53.777
46.733
49.038
55.292
62.362
53.827
52.841
53.111
57.551
54.329
49.561
44.948
62.25
47.826
57.204
52.266
58.107
57.324
63.718
58.663
48.415
53.125
59.04
52.845
43.571
52.944
54.091
49.966
47.901
48.169
48.511
49.638
48.92
52.808
54.395
47.751
52.004
50.753
60.172
51.016
34.264
56.557
46.365
49.75
59.725
49.023
55.481
55.279
60.949
62.434
44.308
51.738
57.337
54.906
61.515
55.785
48.726
60.179
47.339
51.872
51.423
52.916
56.792
50.865
59.553
46.837
57.843
45.119
54.281
50.571
51.351
70.225
53.424
47.978
44.851
52.672
52.532
54.811
55.502
54.82
47.096
44.911
42.894
61.359
51.22
51.185
50.85
48.369
44.082
47.791
53.082
56.11
50.035
45.538
58.424
51.317
51.253
42.772
44.792
47.82
45.648
54.076
50.597
54.128
46.024
49.196
50.602
48.208
56.254
45.527
48.705
51.103
57.303
54.098
50.38
51.534
56.915
36.22
64.149
48.568
55.881
43.892
39.772
53.395
54.756
53.526
51.597
49.961
52.467
45.938
47.883
50.996
52.135
56.087
52.448
53.091
47.67
58.717
65.836
45.14
63.254
47.52
68.13
70.013
72.99
75.458
77.924
86.886
94.084
88.455
89.522
108.23
116.83
93.666
127.3
112.32
105.25
109.86
117.56
103.92
104.82
97.9
98.127
106.66
122.83
115.15
115.23
119.15
99.272
108.08
99.46
102.42
91.243
98.479
94.606
103.14
83.068
94.813
82.452
95.341
71.555
82.701
91.134
80.168
96.746
78.488
79.469
77.385
72.016
81.416
75.926
82.626
85.659
72.525
83.761
79.986
82.267
82.769
72.361
71.758
82.835
77.155
81.91
71.409
70.594
78.984
71.423
75.632
80.117
72.564
79.792
83.749
92.433
109.57
92.795
112.28
93.031
97.15
95.48
98.158
91.654
89.996
88.61
86.026
78.128
99.972
86.345
94.351
76.9
93.804
91.413
94.632
72.29
86.629
80.445
80.179
68.127
80.559
84.778
79.069
73.815
82.996
69.634
86.335
79.743
85.574
85.691
73.344
87.243
74.914
80.193
77.998
77.569
75.959
78.488
60.346
68.783
75.422
66.947
67.212
83.098
58.259
74.358
64.427
69.162
65.459
63.431
64.526
68.829
62.888
71.084
63.365
67.681
65.996
71.591
61.844
68.063
65.47
65.2
58.398
63.009
61.985
76.618
60.739
60.948
59.08
65.332
58.297
58.842
64.241
54.516
60.92
55.318
58.618
63.581
55.638
55.513
59.516
63.165
65.414
56.796
55.935
63.22
52.066
59.82
63.358
69.989
62.828
57.303
54.889
58.255
52.909
56.673
52.963
58.94
67.543
55.129
65.538
67.638
56.579
59.455
68.704
60.777
60.626
61.594
56.823
63.471
64.073
63.643
65.516
55.649
57.009
64.647
52.619
52.762
61.981
57.335
62.096
57.401
61.464
55.182
61.942
54.869
62.302
58.57
56.957
71.564
56.712
54.597
54.806
59.695
50.449
63.069
60.387
63.882
55.808
53.049
59.99
54.645
51.423
59.955
52.695
54.831
59.882
64.506
50.017
56.289
62.847
55.672
52.504
46.672
56.53
53.06
63.279
59.332
55.186
48.955
51.872
48.168
52.405
51.267
56.891
52.378
70.461
52.294
57.908
61.497
47.255
52.328
47.069
50.427
52.446
51.012
47.95
66.886
51.79
44.025
60.9
54.468
54.377
53.838
62.695
48.77
47.411
48.642
56.185
51.854
52.912
55.315
46.132
56.065
52.183
58.011
48.471
64.996
56.264
55.426
45.919
57.598
47.327
62.209
54.324
52.354
51.598
52.892
53.687
52.836
55.599
54.481
55.842
44.515
49.089
55.279
52.15
55.881
54.873
47.141
56.439
48.995
52.098
56.219
49.961
50.638
55.872
43.027
59.856
49.619
55.938
58.833
61.571
50.27
57.141
56.59
53.462
59.534
57.892
51.697
54.333
53.869
56.498
57.269
63.086
45.605
45.3
66.666
58.724
54.172
53.802
49.485
50.768
41.564
61.636
47.082
55.127
53.508
58.682
50.639
55.496
49.424
57.093
49.712
55.926
51.513
47.395
44.277
60.426
56.697
48.718
59.595
43.914
43.524
48.215
52.428
50.423
45.378
55.363
63.607
51.6
51.74
46.467
55.817
53.079
58.317
60.953
52.023
54.166
55.881
47.431
46.621
54.263
50.528
59.327
54.393
53.302
55.505
52.09
53.369
50.584
56.604
48.961
46.203
49.404
58.965
45.255
51.135
65.31
50.288
58.189
51.247
57.214
51.238
55.097
50.47
45.677
44.727
46.849
40.764
46.136
59.108
47.309
51.09
47.96
46.828
58.508
57.009
49.545
44.717
54.368
44.682
51.607
52.475
60.286
60.15
58.252
46.864
43.499
61.69
45.541
51.026
55.835
34.904
58.105
48.64
48.067
39.049
53.289
48.272
44.856
53.389
63.84
44.919
55.731
50.311
55.801
46.575
55.589
57.659
50.436
58.885
49.539
60.035
52.621
63.311
77.786
84.244
74.551
65.053
71.437
71.256
62.009
68.118
70.952
60.892
63.566
70.501
67.777
61.583
63.533
64.127
67.638
69.221
62.243
60.741
68.697
45.941
53.177
65.217
59.43
57.882
62.485
60.771
60.902
56.801
56.309
63.624
57.057
51.778
51.7
50.158
63.337
71.328
59.843
50.746
55.165
58.37
54.414
57.8
62.556
63.433
47.267
47.344
57.034
54.889
52.175
57.401
51.608
57.297
51.531
47.817
56.438
55.286
43.092
62.877
64.121
56.295
46.882
53.911
59.236
57.693
52.827
44.437
47.698
51.259
54.688
55.96
51.487
46.657
58.39
64.914
56.05
52.609
53.482
53.017
44.509
57.817
47.813
50.938
51.784
49.253
55.105
47.658
61.469
52.31
70.054
55.075
71.066
63.867
49.669
45.662
53.891
49.982
54.392
43.973
60.291
50.854
60.962
54.581
58.635
42.887
51.218
48.841
50.291
53.472
53.259
51.403
41.806
64.183
52.38
48.348
49.928
59.167
50.242
51.336
42.667
60.838
52.711
43.87
56.497
39.339
53.979
57.632
40.239
48.586
38.986
47.96
45.949
52.599
54.613
38.716
48.345
52.37
59.928
44.032
50.559
46.917
49.9
54.671
54.351
49.177
38.856
53.109
59.351
33.663
44.042
51.919
43.428
54.012
54.658
43.312
34.218
42.853
60.754
49.901
53.6
41.615
57.663
49.286
41.804
49.999
39.115
45.253
50.203
47.355
50.301
47.948
58.688
51.893
44.387
42.745
62.516
47.269
41.85
53.093
50.811
47.722
50.484
48.609
48.292
56.058
55.942
48.441
48.76
49.425
52.095
46.904
49.64
54.768
49.977
42.356
43.779
41.532
40.306
43.607
50.179
42.175
54.281
50.691
52.91
50.555
56.114
48.123
44.93
42.806
53.755
44.591
47.852
36.295
43.941
46.462
46.628
45.521
48.237
50.911
49.605
53.273
40.267
54.341
43.554
49.348
49.959
51.883
57.696
43.295
47.046
56.195
40.56
48.182
53.322
41.873
50.241
47.329
50.646
47.304
48.321
57.838
35.525
51.44
36.9
54.089
39.365
42.842
46.37
43.905
55.525
46.604
49.403
59.712
50.987
58.145
54.039
46.495
41.014
58.027
49.392
45.715
52.138
47.081
43.809
58.342
44.733
52.448
49.467
43.786
47.511
49.209
50.694
35.255
49.417
63.817
51.721
59.403
53.795
54.408
47.759
55.404
52.401
47.746
48.113
53.794
43.971
49.514
63.098
61.763
59.516
64.424
92.799
77.096
82.479
76.609
83.309
75.118
85.044
77.364
74.435
82.88
65.638
83.132
67.969
72.835
73.198
68.761
81.433
88.029
84.748
81.636
89.687
82.858
86.936
89.099
74.722
86.477
73.972
84.598
77.891
91.322
84.651
71.282
73.506
81.108
80.128
75.669
62.708
64.346
69.903
60.201
67.377
63.692
81.524
70.334
60.438
59.415
51.678
57.946
64.5
55.479
66.444
60.149
57.247
61.447
66.956
67.654
57.434
67.086
60.118
53.364
61.518
65.065
55.647
70.408
64.853
62.579
69.081
53.217
56.008
58.261
68.888
60.576
55.058
63.958
72.139
68.286
57.965
56.938
65.904
67.778
50.893
62.137
58.124
56.632
68.523
72.863
56.302
59.877
76.742
51.576
62.14
59.788
54.58
57.204
68.228
60.893
59.752
57.763
56.305
54.516
56.941
52.108
65.807
58.703
49.465
57.385
50.051
72.534
67.349
54.977
50.161
54.78
49.514
55.368
61.811
60.524
50.901
56.031
59.164
58.335
56.49
58.292
50.506
54.502
59.793
58.483
56.242
53.774
54.845
59.268
47.13
55.158
57.516
51.228
53.637
57.429
56.478
50.509
55.274
51.759
53.341
49.381
56.067
58.848
63.885
49.308
50.676
47.161
44.09
56.382
50.185
60.279
48.147
50.139
49.878
51.652
55.403
46.682
53.218
58.591
50.56
48.538
49.556
46.016
59.621
48.965
69.653
60.188
57.567
59.882
46.751
41.475
46.2
50.999
55.201
60.574
47.507
43.749
57.483
43.018
42.467
55.244
48.931
54.269
59.524
49.825
54.633
46.092
44.06
45.686
42.237
52.861
44.039
47.869
51.262
50.895
54.004
61.341
56.128
58.39
47.904
63.541
49.065
50.282
55.53
52.8
50.635
65.453
45.665
50.941
43.35
46.224
45.341
53.438
44.323
56.027
59.823
46.447
56.52
48.685
49.062
48.235
41.038
50.484
63.417
54.952
47.044
58.822
49.568
44.527
54.747
47.19
34.599
53.437
60.039
57.888
60.693
43.962
50.688
49.492
43.494
49.859
47.703
63.678
57.521
49.492
48.615
48.167
47.819
47.229
53.64
54.97
52.248
44.891
56.989
57.799
58.546
53.094
60.984
57.854
59.349
46.485
51.605
43.151
45.557
43.871
66.327
60.873
34.985
52.84
50.693
46.077
60.264
47.511
51.109
55.192
43.631
47.032
50.055
40.974
47.581
61.462
55.269
55.285
49.175
36.644
57.656
46.583
43.587
48.06
49.617
51.024
54.983
47.328
43.69
53.107
47.4
53.188
54.899
50.433
52.157
49.95
49.656
58.147
46.765
55.273
57.13
51.918
62.172
50.639
52.981
38.963
53.983
52.543
59.82
52.411
56.178
45.365
54.764
57.058
51.903
60.424
55.383
57.113
53.638
56.417
54.814
45.616
54.695
54.985
48.873
37.235
61.882
42.494
44.409
60.028
44.072
56.332
53.281
67.119
73.028
65.31
66.245
61.665
60.767
68.375
59.107
55.117
74.817
72.774
72.642
79.21
84.847
75.503
64.329
79.457
74.229
88.628
78.866
80.08
78.953
92.871
83.033
84.629
85.203
84.09
75.482
67.648
83.561
85.205
82.598
94.257
90.994
111.97
97.001
88.551
91.233
98.921
84.76
112.08
86.408
86.788
86.93
86.731
85.758
78.829
84.24
92.508
82.389
80.754
96.358
83.31
83.596
75.491
72.843
71.676
68.024
70.345
76.175
67.877
61.087
62.91
73.235
78.474
71.529
72.755
70.242
72.074
66.246
66.841
70.115
69.592
62.596
60.395
73.93
87.192
99.794
96.687
89.362
84.129
104.06
101.91
96.188
96.81
83.787
85.976
96.681
83.697
89.254
91.425
86.649
82.533
82.974
86.301
72.213
77.116
75.55
76.325
75.615
63.116
71.373
67.189
78.417
77.534
67.371
69.858
73.08
65.746
69.031
69.994
75.058
72.715
74.942
59.745
78.184
62.24
55.274
63.123
65.559
63.548
63.662
63.522
64.493
67.484
60.323
59.804
65.937
57.975
64.787
74.453
51.785
70.05
72.145
58.834
72.774
68.061
71.347
61.757
62.221
62.985
71.511
72.984
67.333
62.829
67.725
69.761
63.146
67.353
69.333
60.751
73.924
57.9
69.307
67.661
60.411
64.203
64.495
63.919
70.439
69.115
73.222
64.857
58.32
62.919
56.449
71.591
58.123
54.571
59.203
67.881
69.2
60.138
60.855
68.545
56.155
62.404
66.726
62.322
52.981
57.452
63.964
67.695
50.637
62.834
66.556
60.272
58.56
52.737
56.623
64.615
53.802
53.245
55.397
59.732
67.931
54.906
55.981
60.31
62.328
58.271
62.793
57.033
52.246
56.494
64.529
53.056
56.34
67.333
64.498
63.888
59.127
63.944
64.434
57.655
49.27
60.684
52.063
54.539
61.938
51.522
61.446
58.236
48.226
67.671
56.817
58.391
55.847
51.194
60.083
61.131
44.606
61.051
62.532
59.133
54.404
63.211
59.263
56.726
58.438
53.942
60.115
50.474
55.696
59.369
49.346
51.71
63.952
51.301
49.391
53.9
61.222
47.121
56.267
54.788
55.876
59.092
60.653
49.324
55.422
57.154
49.118
49.897
49.447
48.154
51.353
51.348
55.124
58.268
50.875
58.445
49.139
57.236
58.748
57.4
49.894
53.836
56.923
57.45
46.644
52.523
50.251
47.462
51.246
42.393
54.16
43.588
62.75
54.126
52.152
51.557
47.556
46.536
59.516
42.497
51.085
45.491
57.437
45.939
50.152
57.564
48.907
48.376
50.895
47.39
62.816
55.704
47.178
50.562
56.742
40.786
59.722
55.331
41.685
60.285
45.762
54.156
46.449
43.718
56.915
50.155
54.593
52.941
54.512
44.658
55.741
59.332
47.052
65.389
57.865
57.634
53.817
64.155
45.356
43.604
49.571
46.043
48.738
39.116
53.903
49.394
42.516
66.034
54.407
61.245
45.844
44.372
44.978
50.214
48.525
53.802
52.601
53.105
55.023
56.363
60.339
40.493
49.793
46.32
62.743
50.91
55.905
52.399
53.826
47.473
58.601
51.944
48.071
57.06
45.839
53.19
61.177
49.657
48.335
38.61
47.002
59.305
53.983
42.319
51.942
50.473
45.308
52.97
62.164
95.961
64.716
63.395
73.831
69.921
64.752
86.848
90.556
84.425
86.793
91.423
89.066
102.37
109.04
103.19
100.22
105.84
91.324
99.545
95.953
80.49
94.658
89.522
94.477
83.945
83.999
85.02
88.356
70.529
80.874
82.156
72.062
79.102
72.644
68.394
73.674
75.804
81.459
74.655
66.342
70.994
64.921
61.36
65.83
67.576
77.914
57.756
74.85
67.998
67.154
62.65
73.539
70.876
59.965
70.95
64.272
64.013
65.377
65.906
62.975
71.188
71.365
77.893
65.473
69.593
73.107
64.72
61.053
58.192
71.434
74.643
71.115
62.041
68.772
62.705
71.261
63.574
59.119
61.726
71.962
61.706
63.461
67.78
63.232
67.026
66.499
69.742
58.646
65.34
64.024
70.094
64.712
71.617
63.165
67.639
56.587
50.022
62.647
62.026
53.282
67.561
57.687
59.977
59.423
49.93
48.609
67.468
66.23
55.664
63.599
63.296
67.388
50.017
76.708
53.52
61.234
65.239
64.547
60.714
66.268
59.122
63.759
50.494
62.181
66.206
66.139
50.158
64.628
60.797
48.245
49.163
60.868
54.404
56.517
66.048
55.624
59.874
54.985
49.872
54.248
51.119
53.728
46.777
66.751
61.972
59.104
54.755
53.096
68.62
53.241
56.815
53.398
51.835
61.463
46.641
55.094
60.299
61.375
56
61.377
68.045
50.875
54.57
67.262
53.076
60.2
66.789
49.483
63.206
58.833
50.749
58.5
47.661
46.794
51.803
49.955
48.572
51.956
49.899
47.728
41.479
60.349
57.513
44.233
59.38
59.154
56.735
50.936
53.756
56.597
56.383
58.649
53.617
49.655
55.984
45.758
48.966
49.571
58.157
51.334
65.301
53.379
52.159
54.614
51.985
56.689
57.828
52.774
53.321
52.817
56.234
40.676
43.753
47.462
50.202
57.961
54.84
60.22
53.521
48.507
51.385
53.041
47.805
49.564
51.602
41.358
48.904
56.888
52.191
47.977
51.748
51.214
66.787
56.084
72.548
74.975
86.71
81.379
69.663
67.894
76.445
79.393
63.417
78.937
69.106
66.329
70.517
58.304
60.347
61.24
67.986
60.755
67.61
60.913
65.174
64.83
59.49
70.144
60.834
51.897
54.085
61.041
45.183
56.326
65.777
64.462
56.407
56.336
60.111
50.875
58.33
68.863
59.433
53.174
61.473
58.523
54.633
58.376
51.471
44.217
53.39
57.114
58.824
55.534
55.132
59.332
55.678
54.876
60.25
61.616
53.814
58.14
61.265
52.077
55.787
43.675
44.785
49.811
53.429
54.297
55.289
55.095
56.223
56.942
49.88
49.569
55.02
48.294
53.791
55.895
49.727
54.151
57.944
53.336
52.625
53.164
56.993
55.801
53.14
52.066
60.78
59.162
46.185
56.065
56.283
48.595
52.592
43.16
54.196
58.001
46.581
57.173
54.274
46.552
56.628
58.554
56.936
50.251
48.596
48.479
69.248
60.587
61.348
60.466
59.686
57.61
50.675
49.612
55.647
63.751
76.767
79.066
71.008
74.664
76.678
70.891
64.421
90.871
88.157
105.1
83.004
88.724
77.451
90.067
85.435
92.314
100.61
101.25
107.65
104.17
99.991
94.84
88.313
101.14
102.24
117.37
125.58
131.04
116.12
125.73
111.74
127.18
112.22
103.25
102.23
99.077
105.47
107.8
90.922
77.948
99.419
90.65
85.951
95.71
91.798
92.62
95.42
76.659
85.041
84.253
88.585
92.663
88.777
75.154
81.91
77.841
82.091
67.205
97.59
84.946
92.044
66.267
90.196
67.269
83.348
77.058
77.403
92.296
81.843
79.016
75.488
78.929
85.897
67.052
85.736
73.28
75.987
74.552
76.109
79.281
63.611
80.468
67.987
73.975
74.736
69.243
85.228
70.883
73.757
79.916
76.488
72.871
81.063
73.006
78.272
85.818
84.828
61.733
61.43
71.496
79.186
70.963
69.035
64.329
64.008
64.617
58.024
59.697
72.869
61.237
60.467
60.972
66.242
67.894
59.053
62.171
62.35
63.542
68.777
75.856
69.947
66.752
51.186
72.379
75.032
65.693
65.62
71.443
57.202
67.398
66.548
57.262
62.933
62.534
56.833
62.988
51.405
61.376
50.804
55.616
52.974
60.886
61.215
61.66
50.045
64.2
61.7
59.278
59.875
62.405
57.138
65.425
60.14
55.471
47.285
68.045
58.441
61.027
62.039
58.573
67.426
57.95
51.963
69.251
51.84
55.12
54.366
62.334
57.941
52.725
59.036
50.857
57.602
56.109
61.452
51.163
67.71
44.135
50.934
57.416
51.923
45.695
58.224
54.771
46.229
65.898
54.919
60.74
61.566
51.757
54.035
58.995
63.395
55.249
53.617
51.709
59.546
55.039
56.041
61.005
53.976
59.597
51.209
59.092
59.212
57.47
55.282
64.262
63.891
58.396
44.485
52.751
49.602
55.279
42.857
52.924
69.884
61.025
58.941
59.673
55.581
39.741
56.341
44.647
49.299
54.216
50.074
58.08
46.318
46.157
56.532
49.545
60.014
56.344
54.507
55.061
51.219
48.231
58.417
51.868
57.968
58.552
47.781
53.339
45.291
54.497
55.777
52.993
53.634
52.834
44.124
52.206
50.606
45.02
42.157
49.246
61.905
57.651
55.636
61.501
64.703
53.799
49.683
58.476
38.914
65.988
46.691
65.785
44.288
44.041
57.619
49.913
44.949
44.357
54.413
42.115
50.616
47.207
53.492
48.18
56.713
40.244
55.178
57.9
51.844
58.644
53.595
58.976
46.77
45.32
53.696
57.464
61.197
57.867
48.592
51.32
61.69
51.527
43.985
58.68
54.162
56.411
54.262
42.891
48.816
51.839
60.787
54.423
57.83
58.334
50.669
50.912
54.773
53.834
47.991
51.761
52.571
54.303
54.299
53.447
54.884
50.904
44.738
49.483
44.851
54.289
47.769
57.548
42.131
48.971
43.473
52.184
53.638
57.428
60.305
53.061
50.496
57.122
54.016
48.982
41.6
45.964
58.714
44.669
57.027
55.718
42.838
58.255
51.476
51.443
58.143
51.879
52.252
47.864
52.553
50.024
48.383
50.107
57.518
45.554
54.121
51.447
61.516
66.661
74.96
70.914
77.45
94.325
84.385
100.11
117.42
117.77
118.62
118.41
110.02
111.94
107.79
101.8
96.474
101.99
87.844
114.27
114.18
113.43
110.58
116.36
114.07
105.87
110.52
104.86
96.985
95.477
101.52
97.449
91.612
90.816
88.762
101.6
73.804
82.303
98.715
96.212
89.371
110.22
108.48
110.64
122.51
88.646
113.28
100.35
114.98
100.39
105.74
103.81
93.164
92.738
95.431
101.85
90.656
104.96
93.029
98.326
94.226
87.645
99.756
80.207
78.866
77.909
83.43
88.904
84.71
74.635
75.748
88.007
79.572
79.3
77.71
75.731
84.77
75.191
83.836
78.397
75.714
87.355
81.298
85.01
82.831
72.559
70.555
68.93
71.796
65.003
81.044
76.509
61.229
89.596
72.628
63.878
82.218
69.023
81.581
73.809
63.775
73.329
78.508
65.5
73.218
69.473
70.198
70.276
76.25
83.132
73.266
69.622
64.107
77.123
82.717
67.917
62.951
69.378
72.939
75.318
71.508
67.36
67.138
64.035
76.511
77.688
70.928
67.624
60.252
54.512
65.085
72.639
58.936
65.779
69.219
57.598
62.729
65.201
64.44
68.974
63.607
59.834
70.781
64.454
68.709
62.409
62.224
62.329
48.098
73.936
61.595
68.577
62.8
62.53
60.58
82.144
82.542
96.302
90.889
80.64
95.179
94.756
78.473
79.851
79.16
68.294
75.304
75.714
76.22
69.901
62.316
71.945
75.361
75.591
75.884
68.99
65.589
72.467
67.028
73.765
70.771
79.118
65.763
68.816
75.938
61.783
58.982
63.102
71.868
65.482
49.11
67.625
72.784
62.076
55.243
64.339
56.387
65.364
60.133
63.328
53.274
54.3
65.23
53.751
62.018
66.801
60.449
61.366
64.87
63.504
57.745
69.134
62.776
54.774
72.621
64.455
60.788
58.546
52.71
54.73
53.442
58.337
52.786
63.242
57.638
57.393
67.927
56.909
49.709
51.901
59.061
57.881
63.63
58.322
55.687
54.843
53.503
59.887
59.158
61.719
55.579
63.417
58.476
53.059
57.646
55.673
63.283
60.508
65.903
62.554
60.629
62.934
51.187
59.692
50.376
53.443
60.283
56.763
54.351
56.783
53.044
50.894
54.927
54.802
56.676
62.819
57.16
56.748
56.022
58.054
53.137
53.92
56.488
51.497
51.415
61.724
48.075
55.329
47.883
49.804
61.785
63.665
51.608
56.643
63.106
57.883
57.496
54.951
54.302
53.298
53.568
62.106
45.268
60.099
65.215
56.542
49.091
65.142
55.783
59.788
50.565
53.01
51.869
62.59
54.182
61.803
47.65
54.193
46.522
47.355
57.693
55.241
40.576
55.886
54.358
56.822
53.677
42.911
43.487
48.978
54.12
58.177
56.141
62.422
43.247
60.252
50.728
49.118
56.092
56.334
43.626
52.975
54.721
41.355
51.453
63.793
58.486
47.745
54.95
51.986
57.885
56.565
52.864
51.312
49.631
45.512
53.398
48.172
57.63
51.113
47.685
50.892
44.83
58.201
67.93
75.005
69.145
68.077
69.62
68.351
50.79
62.955
69.714
67.74
72.757
80.651
96.603
88.065
78.681
82.237
80.985
76.587
80.42
95.144
62.144
76.441
74.603
76.435
70.23
75.748
79.726
98.076
88.438
88.747
91.766
89.283
96.943
76.322
98.657
90.253
74.331
78.556
83.956
88.219
87.638
77.331
79.273
66.291
81.015
48.8
82.195
78.758
71.599
87.361
94.447
103.63
84.906
88.392
107.22
89.347
106.1
97.13
101.86
87.87
94.125
93.939
86.739
70.494
95.459
96.72
82.436
85.709
87.257
87.131
69.953
78.79
68.002
74.633
64.033
74.443
70.632
76.187
75.203
64.781
61.542
67.523
66.036
63.328
51.209
64.48
62.181
64.697
67.979
63.997
73.855
65.995
70.736
70.953
66.743
64.261
61.934
67.436
69.786
69.076
64.343
69.551
62.997
66.817
61.937
66.542
60.383
65.031
61.335
66.528
56.186
56.127
65.875
67.986
65.259
63.637
70.895
64.621
64.362
66.105
55.037
60.495
66.034
64.835
67.563
66.126
67.462
65.296
51.786
63.446
64.109
67.066
60.446
60.649
58.534
66.61
61.009
60.094
61.1
56.995
64.543
55.953
55.886
55.936
57.657
59.419
56.214
54.485
58.575
66.944
55.187
59.805
54.995
50.607
63.629
59.617
53.8
61.282
53.808
59.787
49.154
58.211
60.446
62.248
58.538
64.526
61.053
59.414
48.051
51.516
63.001
54.742
55.825
50.517
63.679
54.477
59.465
61.037
60.039
42.866
57.867
61.142
54.047
56.832
48.181
52.279
50.317
52.971
55.103
54.207
54.408
45.265
61.983
52.25
63.76
56.766
48.345
54.073
50.27
60.806
60.492
58.882
65.442
54.065
54.804
69.102
60.806
53.113
60.086
51.896
61.794
49.955
52.315
54.479
55.414
53.713
56.408
55.858
54.806
60.47
55.817
67.972
49.913
54.304
53.12
57.431
51.95
38.694
54.92
47.424
53.047
50.563
49.562
54.211
46.449
40.473
52.331
38.89
51.177
55.005
53.097
57.024
61.816
50.527
60.219
45.492
52.402
60.795
57.59
38.724
49.995
51.033
45.698
49.97
54.567
48.276
55.392
57.243
48.498
54.66
57.319
41.541
40.977
45.162
47.695
47.355
57.975
52.016
60.891
58.428
42.95
48.654
61.063
53.364
53.943
50.708
52.797
40.644
54.387
47.194
45.9
49.254
52.919
46.816
53.194
47.748
51.78
55.28
53.849
58.036
56.278
55.203
50.41
40.839
54.464
51.53
44.161
50.283
46.841
57.062
58.975
48.924
51.97
50.531
41.834
50.359
48.395
56.229
47.484
52.841
46.883
44.131
51.508
50.657
57.32
52.915
52.39
57.208
48.589
49.292
53.267
45.286
55.615
53.876
50.873
57.395
56.614
50.335
44.686
49.701
45.339
57.329
54.259
49.615
57.695
55.64
55.036
43.956
45.418
43.47
52.588
50.706
47.601
46.675
51.918
49.989
52.066
51.252
49.014
49.236
55.495
56.393
52.366
40.96
42.556
52.148
51.772
55.224
39.076
50.498
39.831
50.158
40.748
48.467
50.308
63.981
40.57
66.242
77.743
63.555
68.466
66.766
75.577
87.726
101.5
84.265
87.706
83.096
88.098
98.382
89.213
108.79
113.49
136.4
120.38
138.54
119.86
113.34
128.18
112.31
118.14
113.45
106.34
115.83
92.687
99.116
102.63
99.677
87.887
94.551
87.442
95.444
95.331
92.637
77.735
83.321
67.716
90.412
91.64
87.805
78.349
73.094
80.099
73.427
92.736
100.9
110.02
110.19
109.21
98.101
96.725
93.94
110.45
96.33
91.867
91
111.17
83.265
90.453
86.572
92.059
85.464
82.524
87.724
82.128
83.75
79.602
70.567
85.986
85.318
88.318
79.585
76.331
75.592
79.238
89.349
81.489
78.887
71.723
78.539
74.24
80.345
66.599
71.411
70.708
77.581
70.547
77.217
73.788
74.867
75.494
79.711
68.438
72.497
70.684
66.464
59.518
66.458
78.9
72.323
61.098
56.647
74.43
66.762
59.12
62.104
54.154
65.783
64.735
68.204
60.346
67.349
61.483
65.666
64.809
64.464
69.124
60.495
61.657
53.445
79.256
64.902
63.061
60.905
57.414
65.52
58.345
67.02
69.771
65.209
59.337
60.81
63.928
50.897
69.047
61.073
54.741
57.287
54.941
53.996
42.009
80.538
71.661
63.946
56.343
61.367
57.002
69.535
54.046
56.048
49.2
52.121
57.048
53.846
60.807
63.708
49.736
55.834
56.607
58.363
52.366
55.915
60.317
67.083
84.712
82.77
93.087
87.343
88.205
83.869
81.262
80.54
79.019
70.252
77.641
75.773
66.5
79.802
73.994
86.588
72.308
67.656
67.365
69.741
67.446
72.571
60.37
67.529
64.42
66.317
44.561
63.802
68.501
58.77
59.258
59.484
66.502
72.825
59.796
62.244
60.874
64.598
60.793
54.78
56.035
58.274
62.381
75.382
67.62
55.28
68.926
64.08
54.368
59.007
61.235
61.842
59.285
74.597
60.498
59.494
64.413
56.136
63.206
55.612
58.179
67.794
59.66
54.491
55.497
57.239
58.064
60.306
56.229
52.97
46.333
56.29
42.338
50.913
55.306
63.022
49.333
69.371
50.147
62.118
48.254
51.956
59.686
50.767
57.611
59.099
58.683
56.157
53.539
57.63
52.69
51.788
63.131
54.807
51.8
52.162
57.275
49.963
51.949
56.22
65.036
61.219
58.916
58.333
51.754
53.795
51.089
50.892
48.993
59.069
46.575
52.339
46.211
57.366
53.096
39.239
45.192
50.954
51.984
40.869
45.71
42.345
44.769
55.984
45.99
56.106
48.859
57.314
44.801
52.067
47.928
45.408
50.72
60.831
41.356
54.841
51.891
52.138
43.619
50.858
52.906
49.019
60.446
53.13
56.439
51.599
53.485
54.349
49.117
47.373
53.803
57.913
49.888
44.347
45.245
51.084
53.804
57.644
54.327
46.595
51.638
48.767
48.182
51.726
44.313
46.596
50.778
54.915
48.056
50.969
53.464
40.786
51.592
62.106
50.574
51.025
55.458
64.082
50.375
52.491
49.203
50.732
61.635
47.081
58.388
55.949
49.89
65.07
48.925
50.94
53.889
42.93
57.082
47.385
56.374
56.446
54.635
40.623
53.574
49.765
66.233
70.393
68.476
64.449
70.524
82.541
75.916
61.128
65.688
75.37
88.532
91.853
87.486
80.593
96.114
88.776
97.06
83.144
94.084
100.99
119.66
100.41
106.68
118.24
109.96
111.32
102.79
107.49
99.982
89.697
100.57
103.4
85.233
104.09
94.894
84.537
87.191
78.135
74.875
80.207
80.099
72.889
74.4
85.287
79.139
80.613
65.295
63.481
79.588
73.238
70.203
75.396
75.38
67.028
76.66
61.896
69.372
74.261
66.619
58.153
53.754
78.203
63.994
64.951
66.845
62.95
77.205
66.926
67.847
67.228
64.82
64.907
69.849
68.582
63.58
58.02
66.724
83.919
64.327
66.524
73.012
55.515
72.964
72.587
61.839
69.685
66.71
68.705
67.61
64.167
57.23
53.22
62.219
55.359
55.903
64.864
59.816
69.075
54.814
56.733
66.232
65.339
51.718
54.473
56.329
59.715
55.906
60.56
49.991
60.655
55.12
62.288
70.453
59.507
56.353
64.056
64.246
62.206
46.007
55.564
64.784
60.423
50.215
60.663
59.752
69.219
54.606
48.434
63.118
56.446
59.707
55.067
52.402
52.243
50.247
56.902
53.212
39.223
59.319
51.906
55.738
53.804
56.937
57.648
59.116
46.874
49.174
53.032
53.684
39.995
64.116
72.944
46.061
47.807
51.297
56.893
50.384
57.497
44.86
50.25
59.075
59.588
52.045
53.184
58.487
47.103
46.298
50.929
49.681
55.704
55.122
53.294
68.964
49.966
53.964
53.374
48.522
49.251
59.206
44.548
57.233
50.108
44.118
57.067
48.775
50.169
44.381
53.366
51.682
47.429
53.958
51.783
50.283
63.7
43.756
49.895
51.527
60.457
41.527
42.542
50.7
51.739
49.351
44.716
49.994
55.034
51.125
42.83
48.84
44.445
52.358
48.451
56.59
58.841
50.573
57.226
55.733
53.571
47.825
52.43
55.508
54.323
58.741
50.854
47.454
44.648
46.111
59.73
50.168
49.769
46.792
55.238
50.602
55.767
41.683
50.623
55.07
57.287
41.516
48.742
65.962
38.196
51.657
57.732
48.612
50.371
53.276
43.398
48.272
50.568
55.125
45.497
47.658
62.685
54.467
60.774
42.889
53.674
57.573
52.874
45.375
55.816
60.044
56.01
49.905
50.457
45.717
39.484
55.69
52.511
49.357
58.667
47.046
42.465
49.912
34.832
50.719
45.09
54.483
47.487
45.31
55.318
52.966
41.959
57.661
42.673
50.923
58.001
40.611
53.438
50.916
49.58
44.462
48.894
55.839
58.502
37.845
53.738
51.563
46.97
55.944
48.475
53.174
57.285
52.933
56.56
41.626
51.388
50.416
43.395
50.107
49.535
51.034
43.842
49.981
52.605
50.582
49.568
41.826
51.085
57.014
43.541
49.858
52.841
43.998
46.841
47.468
47.191
48.797
50.405
61.357
48.557
53.297
57.07
44.048
54.081
47.866
44.652
47.51
40.889
48.739
63.205
51.212
46.019
54.977
45.978
53.762
51.459
49.483
53.922
56.906
48.325
50.149
51.125
45.158
56.623
62.898
68.622
79.128
64.793
57.811
75.52
71.075
53.121
58.867
54.47
53.523
66.301
69.06
55.944
68.748
54.85
68.401
68.898
60.453
67.193
60.612
65.367
55.668
70.823
65.495
52.835
59.891
61.19
63.771
53.63
69.048
47.092
54.835
64.327
56.048
52.64
55.922
58.483
63.667
61.226
49.758
59.684
57.542
56.408
46.691
55.147
62.884
65.048
62.948
56.666
66.83
56.951
60.016
63.688
58.141
60.483
47.477
64.168
66.214
50.685
60.433
55.953
66.208
71.062
59.943
50.142
64.518
62.364
46.152
65.404
54.903
64.4
64.527
58.826
63.648
65.157
63.482
65.478
57.599
55.9
59.263
62.728
63.299
61.151
60.784
60.313
65.812
53.408
62.379
62.663
45.075
62.184
56.265
55.299
48.505
51.109
46.035
45.302
58.101
58.742
62.863
52.633
64.036
61.255
52.703
47.221
50.729
49.855
51.313
57.659
50.825
52.323
56.448
51.287
52.772
57.167
56.28
54
54.811
50.891
56.975
56.682
62.8
52.761
57.085
54.098
55.855
56.143
64.598
56.334
51.388
50.739
64.805
46.824
57.193
55.237
53.314
51.083
59.663
52.392
49.397
60.866
52.071
60.586
49.588
53.134
49.542
62.242
59.934
60.361
39.666
63.31
50.772
55.276
48.763
50.859
47.996
62.169
49.09
57.734
57.715
54.309
49.842
58.258
58.041
47.931
63.816
57.152
58.536
55.005
58.369
59.526
52.793
53.314
57.748
45.427
56.662
58.68
54.533
56.641
47.718
63.237
48.477
50.284
53.241
61.197
60.353
46.699
46.342
59.862
49.26
47.502
39.939
54.615
55.249
59.437
46.772
55.441
51.436
42.152
51.656
58.991
41.504
54.215
61.74
47.104
58.823
54.921
46.542
54.4
50.5
48.16
52.546
48.223
50.277
62.964
46.442
49.79
50.25
51.756
56.925
43.912
55.401
51.85
44.517
62.053
41.843
55.103
55.351
49.871
53.53
43.019
45.728
41.081
57.986
58.719
47.319
47.616
56.784
56.486
50.424
38.733
54.263
59.493
48.279
48.089
56.17
54.564
43.247
57.459
54.119
49.016
57.277
55.514
63.792
56.112
50.214
56.718
47.395
54.564
54.539
55.475
50.848
45.202
51.993
57.45
45.467
46.428
52.804
61.073
39.982
42.853
64.958
49.217
39.031
51.19
52.084
41.406
47.347
54.557
45.393
53.639
32.812
46.94
58.423
41.851
46.601
44.314
52.593
48.2
56.519
53.554
42.443
53.713
60.404
43.248
54.195
50.161
47.229
45.206
51.019
48.899
57.686
54.49
51.934
42.181
46.256
45.506
54.596
60.515
63.416
45.747
50.179
61.361
43.77
50.398
57.833
51.558
53.546
44.732
55.589
42.992
42.513
49.54
54.348
57.985
54.19
53.335
61.882
62.947
40.819
43.199
47.69
43.192
59.587
52.298
48.912
54.995
46.519
45.998
52.223
44.773
54.886
47.649
57.343
46.61
61.099
55.564
50.99
43.682
45.01
55.044
47.707
52.811
54.369
54.459
57.088
45.332
51.999
43.24
51.905
50.354
50.259
55.174
45.482
47.501
62.125
57.14
45.916
52.717
45.154
52.056
59.839
60.617
46.216
61.911
50.758
51.607
68.531
58.118
57.182
50.044
49.499
55.927
53.917
57.394
52.64
47.981
62.349
54.091
51.67
53.358
59.324
63.014
51.449
52.331
64.788
52.069
63.855
69.201
56.648
47.317
55.452
55.682
52.994
50.067
51.509
67.069
65.213
57.682
58.756
50.122
49.611
63.428
51.288
54.882
48.953
45.845
51.447
65.126
52.816
57.275
58.63
49.845
61.526
46.352
53.85
48.962
55.871
50.995
53.553
48.82
44.853
54.683
46.633
47.674
56.595
51.993
52.836
54.412
61.903
52.175
54.339
45.061
60.39
43.555
51.307
57.829
49.753
67.095
54.124
56.637
55.797
48.026
41.245
41.287
47.675
50.42
56.963
52.069
52.343
45.846
52.201
52.971
52.006
48.645
53.398
45.795
55.606
53.003
55.815
43.959
50.56
54.416
49.32
45.653
54.296
44.599
50.078
53.058
42.821
54.024
54.745
43.548
39.862
49.07
58.912
51.872
45.689
49.2
46.077
44.926
49.589
41.999
43.981
45.893
54.807
56.214
51.373
45.461
52.707
40.349
43.679
39.672
53.144
57.454
40.123
50.587
45.123
46.924
47.75
51.606
48.006
43.279
48.135
53.604
52.279
44.459
51.541
54.036
48.845
51.503
57.734
54.05
50.535
52.592
43.984
63.332
51.357
56.148
51.628
44.451
48.158
55.771
55.528
47.971
52.536
53.649
47.002
51.647
53.95
42.488
58.981
46.587
52.698
49.496
47.081
49.465
55.284
45.557
39.486
51.381
53.476
45.435
43.814
36.577
47.928
41.401
67.345
50.399
51.524
53.826
53.547
48.459
51.772
51.297
55.044
50.272
44.862
49.562
56.52
56.682
49.919
51.201
58.281
47.78
53.927
57.97
51.118
44.58
48.915
47.334
46.298
50.494
50.517
45.139
42.258
42.662
53.49
45.874
52.446
53.425
40.616
66.044
55.143
38.872
53.823
49.933
46.344
46.985
43.525
48.568
54.083
51.468
56.288
46.799
37.682
41.767
61.059
40.84
55.037
47.169
37.799
57.691
53.224
57.205
42.2
45.256
51.574
49.53
40.847
47.628
42.325
49.319
51.938
51.418
53.536
49.411
42.247
41.066
51.008
44.617
42.703
55.758
50.738
56.665
49.221
61.62
39.928
41.597
48.407
52.864
42.79
44.228
44.921
47.265
48.026
46.87
49.788
48.85
55.66
51.57
41.975
45.635
46.713
39.374
41.597
51.651
62.498
43.525
48.173
55.178
45.415
48.589
50.169
53.497
54.962
45.149
51.32
39.298
41.588
50.388
47.09
45.297
50.107
46.396
44.331
54.193
46.112
38.711
49.759
58.193
45.401
46.542
43.498
44.67
44.079
54.182
40.732
46.974
42.371
43.942
43.677
51.598
46.709
46.379
41.314
49.668
59.249
50.496
49.905
47.492
42.951
54.436
48.483
47.33
52.061
44.081
41.22
54.729
51.571
49.037
47.878
56.535
55.741
40.975
46.768
60.238
63.424
63
54.97
54.353
70.312
65.214
56.115
66.238
57.935
64.847
56.778
61.529
59.855
62.997
41.306
62.503
49.343
60.268
68.414
71.269
81.243
75.939
71.475
75.412
78.57
74.078
66.439
72.803
66.429
53.668
64.663
66.527
67.653
70.339
67.818
72.557
54.033
63.139
65.798
51.486
57.763
61.552
67.419
50.935
60.185
56.527
67.809
63.454
62.929
62.359
59.619
53.485
58.763
59.61
56.924
57.966
63.322
60.69
57.195
56.771
58.357
61.637
60.283
54.442
63.598
53.317
55.883
70.865
62.721
59.934
62.784
64.6
53.576
54.729
59.577
56.846
53.998
52.358
64.429
61.786
51.103
61.631
53.537
63.188
64.875
63.156
48.57
63.982
52.752
52.874
58.078
47.116
68.813
57.713
56.977
57.43
57.136
53.891
46.433
59.105
50.077
59.058
49.179
56.343
45.183
52.051
53.964
56.264
53.009
54.408
62.088
57.382
52.25
33.93
52.533
49.362
55.169
59.85
51.49
55.934
53.43
58.044
46.544
57.845
58.688
52.653
48.381
53.197
54.074
60.502
50.044
47.36
41.102
52.805
51.782
60.504
55.303
44.777
60.027
50.474
51.124
52.934
53.822
52.889
63.442
54.867
49.473
58.577
52.982
44.453
54.997
54.255
53.293
48.305
56.091
56.2
46.101
50.72
46.028
45.952
52.955
46.418
56.025
54.978
45.916
52.393
41.319
49.461
54.829
48.72
62.754
55.411
55.138
55.801
57.064
45.82
63.875
56.859
65.976
46.939
53.127
63.399
45.479
52.948
43.033
54.516
59.789
56.361
57.859
54.493
54.005
62.395
68.304
61.057
56.898
55.026
52.864
50.283
58.328
58.031
66.993
52.57
48.495
63.839
48.693
60.815
50.615
55.882
66.809
47.401
55.023
56.714
55.529
48.065
44.607
49.6
49.18
54.059
52.96
50.695
48.728
57.204
46.619
47.545
55.396
52.535
51.712
56.379
47.92
42.567
45.624
50.437
55.424
60.692
57.755
52.195
36.861
53.466
53.08
56.645
47.886
47.028
49.449
43.917
49.966
54.057
48.369
54.076
46.999
48.733
56.635
52.152
49.671
46.248
51.229
57.884
56.73
53.057
46.516
54.5
53.95
48.357
49.901
51.367
43.427
49.949
46.645
48.939
52.765
60.621
56.308
57.757
42.54
51.063
53.862
57.037
40.513
62.032
50.769
51.476
55.04
52.223
50.117
51.302
44.21
55.011
39.006
52.674
49.676
52.237
48.194
51.609
49.084
53.552
53.171
47.489
58.275
54.709
55.79
51.056
54.068
51.389
59.41
55.237
46.915
45.875
45.626
44.464
51.501
40.867
48.173
43.164
53.494
56.074
52.916
51.526
46.959
56.209
48.851
56.027
47.501
42.216
51.676
56.289
47.041
53.019
47.578
47.342
45.558
55.83
51.559
52.16
58.926
41.629
57.318
54.87
61.627
49.415
54.859
53.072
53.961
57.568
43.978
48.781
57.326
45.524
45.927
46.028
52.88
56.34
52.772
49.743
45.169
54.585
46.899
52.091
57.725
52.482
45.147
46.208
55.989
56.254
60.599
65.388
71.15
70.493
61.194
79.581
79.814
78.984
80.508
74.74
77.91
77.249
69.627
76.607
70.003
69.872
69.391
81.247
64.925
68.602
77.079
87.683
88.581
84.34
101.97
87.032
90.463
90.698
86.429
80.312
89.39
80.21
89.21
85.782
87.188
87.297
72.769
80.318
80.032
78.37
77.123
78.576
73.656
61.39
80.399
68.195
62.078
69.698
73.912
71.489
78.451
75.126
65.667
66.227
77.05
72.241
60.316
67.755
64.546
80.545
72.725
69.413
61.891
62.63
74.502
68.34
65.386
57.21
69.622
60.502
66.493
58.905
67.712
64.86
62.423
71.895
67.508
64.044
57.246
70.538
56.801
78.784
68.419
68.851
65.449
62.731
59.784
73.586
64.633
62.994
57.243
68.122
56.127
76.072
55.954
65.288
58.855
56.129
58.381
58.958
57.466
59.602
54.349
64.947
53.052
49.8
63.391
60.294
62.117
48.697
61.293
52.951
52.182
78.862
58.861
62.35
56.527
57.736
65.578
63.894
56.133
64.409
59.469
60.05
55.482
64.568
53.683
56.503
60.16
56.287
57.449
58.318
53.286
49.785
58.421
56.956
56.959
44.23
50.624
66.877
59.545
58.912
59.623
56.406
42.313
58.057
60.987
47.348
59.011
57.424
54.379
59.904
59.772
60.185
60.766
66.713
58.034
62.182
56.147
54.863
49.964
44.623
58.649
56.439
56.762
46.427
66.216
55.532
46.8
57.294
51.851
57.425
53.385
53.273
49.781
51.251
55.946
51.907
52.51
57.178
63.703
59.917
50.379
55.405
53.136
54.623
40.219
47.184
51.016
48.554
47.256
54.357
52.046
56.489
59.942
43.467
60.899
52.628
49.214
53.155
58.342
51.855
58.02
44.688
53.172
44.612
50.763
40.302
49.292
57.952
55.713
52.163
43.493
57.674
56.922
48.558
54.21
55.626
55.654
50.81
48.444
58.627
50.197
50.449
56.038
61.166
47.63
59.017
51.843
53.604
55.931
52.345
56.17
59.319
51.6
52.837
50.355
56.894
43.258
61.144
59.735
53.092
56.05
54.105
55.579
43.862
54.766
48.805
54.391
61.104
57.762
50.122
51.64
42.754
54.254
52.722
56.454
56.24
52.652
51.73
50.73
54.933
46.292
56.574
53.605
52.942
49.896
68.947
44.516
50.92
54.423
54.753
54.534
62.696
49.779
51.055
51.644
55.849
52.062
47.752
48.069
54.281
60.247
48.069
44.868
54.374
51.106
57.54
47.746
59.696
61.236
60.871
52.52
49.479
55.794
49.611
56.618
47.352
61.357
38.653
57.244
34.833
50.814
57.572
51.095
58.374
55.986
61.295
38.654
54.79
44.946
50.547
49.489
44.082
60.105
47.829
58.249
49.414
48.956
57.36
39.688
55.899
66.942
55.292
54.7
53.195
48.25
51.388
53.15
58.32
58.23
42.795
59.885
46.199
50.276
47.817
54.314
46.357
58.397
56.401
48.1
49.796
52.598
58.855
63.594
51.794
59.452
50.82
57.582
37.038
50.669
56.518
53.096
54.084
55.442
53.763
61.508
59.834
56.885
52.648
46.6
55.287
58.37
65.19
46.21
62.152
50.95
69.285
72.964
70.975
72.601
67.503
69.878
68.106
63.463
57.366
88.345
72.472
61.43
64.313
66.388
67.708
73.36
72.568
63.34
64.219
67.665
58.09
60.563
53.296
62.273
67.885
68.243
56.089
69.046
62.023
57.969
65.774
56.95
55.548
64.722
59.475
65.248
49.626
56.813
54.368
73.385
63.296
73.409
64.134
60.987
65.94
46.346
58.198
63.122
51.401
69.062
46.21
69.406
55.183
54.574
57.877
59.967
61.967
57.244
60.803
55.979
55.744
63.445
59.104
52.947
61.593
59.667
67.731
51.332
64.375
57.132
56.087
47.952
52.074
63.884
59.685
55.697
58.464
60.594
50.909
64.186
46.806
56.189
61.198
55.983
46.355
56.35
55.63
65.542
59.622
51.891
53.791
45.199
67.785
43.447
59.737
60.98
46.183
43.348
49.789
63.107
59.957
46.728
53.801
48.479
57.309
45.341
58.306
49.236
46.625
49.735
53.966
63.248
43.378
55.172
55.646
47.862
47.602
44.031
50.345
54.992
50.97
42.79
57.596
50.2
58.052
58.27
51.17
62.267
50.445
52.894
48.161
64.249
53.139
62.058
60.511
55.388
48.722
55.2
65.957
48.126
45.555
57.23
44.362
57.741
55.565
51.724
54.243
54.166
52.072
55.569
49.576
57.853
52.012
48.656
63.108
47.659
57.115
57.251
51.157
52.052
37.973
66.228
50.496
46.989
57.426
62.006
42.207
59.403
49.319
44.326
51.067
65.887
44.934
55.183
51.106
54.123
52.672
50.67
48.734
48.298
58.664
49.927
48.275
58.078
60.562
47.669
53.622
49.81
44.016
54.969
46.733
47.81
44.641
49.336
53.414
44.118
58.469
55.564
52.491
47.865
43.511
49.788
43.477
49.205
55.305
67.851
51.007
44.788
49.269
58.83
49.379
55.019
62.068
58.711
58.179
64.89
54.005
45.055
45.753
55.293
56.828
54.913
48.302
58.118
62.726
43.536
55.252
57.106
61.593
52.432
54.765
52.286
56.286
48.226
44.727
55.207
47.305
50.274
35.372
57.973
51.005
52.203
49.511
49.628
46.503
57.821
54.023
50.366
52.939
45.438
56.372
40.498
59.812
40.601
40.804
60.864
41.741
45.44
44.7
48.854
55.749
40.031
62.609
51.175
57.676
49.273
49.545
48.808
54.057
49.09
43.489
49.64
36.386
47.921
42.077
52.872
50.725
45.54
50.936
46.25
44.828
48.224
52.254
50.206
48.296
56.345
49.247
45.294
55.234
52.307
45.189
45.27
53.107
54.865
40.95
48.081
44.655
44.949
69.873
50.132
41.036
57.724
52.095
55.222
58.661
52.88
53.414
46.484
54.051
45.347
44.892
50.364
48.226
46.557
46.995
44.949
41.184
53.246
51.252
57.997
44.909
56.508
43.657
47.767
45.887
59.01
46.082
43.125
57.939
54.1
43.814
43.271
57.264
56.38
60.72
48.508
48.711
49.143
58.039
51.126
47.708
53.134
49.749
50.995
32.342
54.391
48.472
54.251
50.236
47.026
44.214
47.292
44.87
42.964
66.125
53.41
49.125
63.194
55.616
48.095
45.409
62.13
48.544
64.078
47.342
50.945
67.008
69.43
65.887
58.082
67.638
76.104
67.081
80.546
79.393
85.213
81.235
78.006
82.532
79.807
82.881
78.288
68.404
74.634
71.725
74.282
74.711
78.151
58.281
67.217
62.506
71.125
63.363
70.17
66.286
63.843
69.791
60.502
60.277
72.41
52.529
71.497
67.968
62.479
58.436
62.303
68.589
64.393
56.885
65.839
56.005
65.393
60.455
66.592
53.755
68.842
63.751
67.584
58.114
69.377
65.819
67.427
57.569
73.003
52.719
67.219
73.435
48.032
65.315
61.505
65.868
67.217
63.134
57.226
55.157
65.384
70.238
56.986
66.411
69.539
59.917
60.996
56.565
59.806
59.02
65.621
57.877
66.743
58.134
65.382
51.084
53.131
56.361
56.614
56.543
51.532
59.24
61.013
60.827
50.685
65.551
61.065
47.424
69.719
51.564
59.88
55.365
53.254
52.26
67.879
61.784
50.116
53.234
54.459
51.344
60.095
65.095
60.695
49.275
64.155
49.981
59.63
56.986
44.944
63.965
59.303
55.729
60.15
49.473
61.839
51.291
61.13
57.422
45.19
57.804
59.076
58.602
61.8
50.82
48.953
64.006
47.565
54.666
61.8
49.336
58.621
51.655
57.631
56.302
57.933
52.088
56.424
45.408
45.315
61.479
49.336
55.282
55.272
50.621
61.203
54.482
61.729
49.697
51.971
62.121
50.121
49.727
58.251
42.906
57.873
50.089
48.551
55.451
49.375
54.99
57.396
61.064
55.199
52.337
53.817
53.414
50.157
54.708
51.476
60.171
52.121
38.786
49.301
52.98
48.096
54.41
57.448
44.45
48.27
36.944
46.248
46.688
50.051
55.836
53.998
53.978
51.184
48.418
49.793
51.369
47.998
59.574
52.581
57.624
56.467
46.467
52.356
52.867
53.355
52.955
50.437
55.211
56.359
53.56
54.633
49.691
59.465
41.1
56.676
47.572
59.834
50.519
51.586
41.493
58.046
55.196
50.464
45.451
62.338
50.166
55.404
53.666
54.667
57.835
45.703
55.176
61.56
52.134
50.366
55.121
59.139
53.688
46.589
64.608
54.388
61.071
44.761
57.012
57.738
51.722
53.853
60.074
50.145
46.43
42.36
53.85
44.025
50.256
44.563
52.922
43.742
54.162
45.751
47.54
55.844
54.537
54.384
55.142
59.467
39.549
53.729
46.512
53.28
46.555
45.749
59.244
57.131
62.796
43.157
51.944
48.432
38.096
52.419
50.27
51.022
59.446
55.04
40.291
53.788
51.546
49.993
61.369
55.389
45.37
54.653
53.213
51.72
52.997
54.547
53.801
53.592
46.198
39.164
56.453
49.552
51.921
56.91
60.251
44.588
55.973
49.798
43.64
46.813
48.353
45.782
42.871
48.793
49.98
60.026
50.989
51.875
49.622
53.397
51.936
56.481
51.15
55.808
46.717
47.865
49.722
56.551
52.581
45.22
58.613
50.826
60.328
48.174
51.955
50.309
52.959
59.796
61.91
62.206
62.525
37.387
63.629
60.271
51.385
60.483
60.107
57.532
67.895
65.012
72.352
62.551
62.806
68.912
61.075
56.179
61.415
47.68
62.057
59.472
63.614
53.009
58.599
48.845
64.141
58.549
64.747
75.166
76.295
62.594
88.968
78.563
67.702
79.666
71.712
67.703
71.478
72.582
69.123
67.423
52.832
73.565
69.853
77.683
65.195
62.28
68.168
52.126
70.408
64.886
54.233
63.097
70.515
59.695
58.765
58.244
59.029
67.663
62.363
60.295
57.491
67.103
66.494
65.454
55.718
73.682
51.573
49.492
63.71
52.949
53.953
60.8
62.71
61.299
60.25
57.534
56.018
54.287
63.243
64.821
64.682
54.355
63.055
55.608
57.523
53.368
52.816
61.337
57.857
54.308
58.683
62.292
58.96
56.616
66.702
65.982
73.583
51.842
63.082
59.695
65.805
54.909
52.083
58.133
68.134
62.329
67.257
47.654
60.066
50.049
53.425
52.403
55.882
54.368
57.353
54.271
52.905
57.235
61.273
55.77
63.612
49.659
53.466
56.866
51.006
49.208
53.127
46.1
51.556
52.403
52.121
56.207
54.913
48.379
56.288
48.936
47.191
51.239
49.157
59.958
52.533
53.41
42.528
54.734
55.236
59.533
43.635
62.916
47.809
54.812
50.033
56.841
57.455
49.073
57.441
58.699
48.201
58.527
43.871
58.283
43.407
51.912
60.945
61.556
51.959
49.468
52.351
50.758
56.63
50.599
54.803
58.729
44.344
51.747
53.358
50.577
47.933
49.54
49.207
55.052
45.817
53.443
52.573
50.986
48.634
53.133
53.386
54.718
50.09
61.078
53.131
50.17
49.694
58.455
47.931
50.185
46.197
52.595
52.907
52.102
52.875
47.809
57.375
48.498
48.14
58.674
49.406
51.248
59.693
55.739
51.902
53.461
51.616
49.807
48.705
49.591
45.195
59.596
57.834
50.038
50.515
49.903
54.726
43.005
54.233
55.585
50.106
45.638
56.498
50.33
47.733
48.2
60.929
49.221
53.253
50.761
39.891
49.589
43.383
49.778
51.799
56.278
54.84
47
48.299
51.897
51.643
50.979
56.47
48.413
49.596
57.955
40.908
49.178
50.117
49.891
47.858
40.288
61.342
43.849
51.565
43.222
49.181
63.412
60.678
50.944
54.451
42.274
49.048
51.434
51.685
48.325
56.441
57.238
49.254
56.295
45.748
50.704
49.116
52.39
43.185
51.042
51.034
47.95
50.299
53.413
51.697
50.625
54.472
62.521
38.395
55.514
51.508
45.546
49.337
46.349
53.995
47.304
51.973
51.13
49.154
52.731
51.792
55.519
49.81
53.836
55.626
56.869
49.988
61.284
58.83
51.886
59.348
50.243
53.651
51.602
38.993
53.434
63.127
49.703
41.774
39.164
57.789
56.196
54.624
54.376
55.059
48.708
48.048
51.536
57.289
49.706
55.795
55.859
50.712
54.884
50.869
52.944
53.38
57.58
46.393
48.008
54.032
55.242
44.591
53.715
49.081
57.211
49.446
50.634
48.736
46.958
52.754
50.7
57.77
54.98
54.608
58.589
57.549
45.325
52.135
52.369
58.059
58.527
67.296
60.72
67.372
63.766
58.128
65.381
63.359
59.524
61.862
61.059
57.394
59.331
70.359
52.484
47.372
62.812
66.682
53.841
74.625
60.651
56.391
64.849
57.884
72.09
54.917
60.603
61.479
60.309
57.586
61.969
62.371
58.013
60.283
59.96
58.047
68.153
54.884
50.299
59.828
53.251
60.322
71.747
55.136
54.307
54.699
56.643
60.64
59.206
52.379
57.537
58.08
54.786
62.616
54.133
54.142
60.717
54.939
41.341
65.446
46.965
47.175
61.571
62.211
50.066
63.841
55.187
52.265
54.5
49.223
54.029
62.005
52.167
62.508
58.871
61.692
48.989
56.887
55.954
43.187
63.472
53.834
59.405
51.561
55.086
51.616
61.564
59.192
50.224
51.547
63.747
56.841
47.569
56.865
41.283
56.522
44.953
53.037
55.118
71.055
55.328
62.807
58.712
48.067
57.505
46.894
58.226
47.364
52.824
54.529
43.681
66.872
54.042
52.416
48.043
62.861
60.317
60.673
56.018
59.173
58.613
53.186
49.207
58.351
56.385
50.156
56.968
55.83
64.346
54.115
51.092
50.437
50.83
54.262
49.382
48.277
54.159
50.362
50.561
57.613
52.899
61.86
54.099
53.809
44.966
50.505
56.599
54.305
49.363
46.373
60.286
45.332
53.416
50.901
47.81
50.221
55.407
49.444
52.979
47.792
45.6
56.017
57.446
53.607
52.913
58.394
56.917
53.961
51.913
65.036
59.157
55.636
52.822
59.204
50.109
51.549
59.334
56.752
53.685
57.281
51.549
44.202
51.08
49.674
61.053
51.085
47.443
60.322
44.794
60.923
58.413
46.288
59.645
57.789
49.928
55.091
50.614
63.851
52.935
58.583
53.85
60.654
55.762
55.665
46.219
62.182
50.406
55.525
48.244
43.06
53.395
42.335
55.077
59.959
57.273
47.867
48.479
46.831
48.046
48.357
42.979
53.661
51.149
39.751
52.856
54.958
38.819
59.183
49.316
44.182
62.01
46.998
46.263
53.62
55.7
53.068
50.43
62.175
55.46
44.397
50.437
49.602
38.396
56.006
55.112
52.684
59.022
40.809
55.536
55.985
54.419
50.773
53.132
51.595
43.369
53.114
54.564
43.289
49.072
44.818
45.582
53.186
44.07
53.855
47.986
47.11
43.504
57.045
53.933
51.125
49.616
48.544
55.221
43.698
68.3
62.051
44.991
53.194
59.277
42.11
54.169
46.72
52.169
48.055
53.331
47.496
68.555
48.158
43.674
46.747
45.532
52.486
48.209
49.45
50.383
51.02
41.873
52.919
43.321
47.468
57.801
55.058
53.858
48.116
48.361
38.516
47.613
40.597
55.095
55.161
41.317
56.941
44.627
52.755
47.687
58.369
57.377
44.594
56.932
54.049
55.261
49.862
46.817
45.239
51.625
56.012
48.022
46.177
43.45
50.952
52.103
43.385
56.169
52.92
54.384
48.945
54.105
43.145
43.079
56.275
48.477
38.907
47.001
41.242
47.575
59.051
49.228
44.104
41.22
48.359
53.107
58.409
50.352
50.326
53.192
52.557
63.254
46.895
51.621
60.862
47.026
52.311
42.602
54.256
54.564
52.745
45.388
55.964
51.296
45.832
56.883
47.549
53.705
62.077
61.832
54.449
42.956
58.71
55.48
44.753
51.346
64.304
52.282
57.364
42.616
51.033
52.654
49.728
52.334
61.797
50.242
55.461
59.655
53.599
51.755
49.04
46.338
61.39
51.382
50.084
58.393
56.367
46.782
53.534
58.057
44.337
59.966
52.582
53.392
54.254
56.787
54.66
43.767
47.227
51.972
55.905
56.562
60.834
46.338
53.929
51.919
48.503
56.463
60.135
59.044
55.506
56.411
52.579
55.756
53.132
76.222
59.432
74.156
62.822
67.102
63.319
68.093
70.414
62.496
78.9
75.298
61.679
65.6
58.254
61.231
55.886
62.86
61.962
63.19
64.165
61.477
52.428
54.174
54.407
65.436
59.218
65.056
53.14
58.299
58.652
60.844
59.783
55.762
50.521
50.147
59.275
40.201
62.9
48.128
55.768
47.445
47.485
52.418
52.22
57.188
58.891
53.53
48.219
55.858
38.416
51.569
52.5
53.63
60.684
51.715
59.773
56.941
54.283
50.275
48.419
68.325
54.318
46.305
51.508
58.202
57.345
59.847
49.047
57.254
51.496
41.557
52.046
45.37
52.931
47.17
56.018
52.035
59.052
38.179
62.457
45.112
58.795
48.625
58.553
57.586
45.852
58.459
50.62
38.046
59.178
48.933
53.127
53.685
48.753
51.319
50.241
56.077
59.245
47.229
54.314
47.999
48.771
43.811
45.446
48.056
56.467
52.138
52.103
51.197
51.094
51.089
57.228
50.656
67.91
50.067
57.281
49.625
47.5
54.344
47.864
54.376
51.904
56.414
55.92
51.992
55.049
47.202
56
61.904
51.121
45.909
52.085
51.464
53.545
54.087
46.955
43.347
50.514
53.731
53.569
48.79
54.476
47.153
54.153
60.875
47.013
60.811
47.333
55.376
43.8
58.797
49.032
58.812
61.168
57.475
50.801
54.969
59.924
50.487
54.99
45.072
52.552
57.798
55.343
57.036
57.676
73.621
56.176
55.495
58.808
58.347
55.772
57.574
51.614
53.412
47.071
56.425
60.928
43.937
61.011
52.771
56.337
54.013
53.825
56.99
52.192
49.946
61.143
55.775
57.623
52.06
55.03
51.668
56.873
54.242
52.551
50.091
56.615
45.87
59.053
59.134
54.302
54.782
60.979
57.939
62.315
54.895
48.538
53.314
49.161
54.101
54.23
57.961
47.197
56.503
52.079
53.357
53.787
57.294
48.023
51.928
53.395
43.167
59.608
61.796
49.054
64.347
59.63
60.59
41.899
63.926
59.374
49.433
44.241
50.362
49.895
55.394
48.93
47.218
55.059
56.135
50.3
49.768
50.019
49.277
60.045
55.893
53.423
61.857
60.138
47.047
56.387
56.491
56.323
53.536
47.337
53.466
53.993
57.467
52.217
54.771
54.973
63.461
46.744
55.118
60.48
56.045
43.148
52.437
45.644
48.485
55.442
49.836
48.499
58.562
54.406
56.451
45.669
46.646
48.15
48.996
61.654
47.513
42.137
51.764
45.38
55.16
49.905
53.454
50.614
60.341
64.954
52.633
53.548
76.425
54.85
60.79
63.048
73.794
64.434
67.199
69.538
63.94
86.094
73.991
86.367
77.009
72.804
81.236
86.995
72.1
68.944
73.38
59.848
59.468
67.801
78.856
58.179
72.129
68.207
60.14
63.337
74.748
66.395
53.258
64.787
59.293
71.104
57.158
56.23
60.411
58.198
65.095
53.425
64.834
64.368
54.417
60.086
50.738
58.198
60.277
68.19
68.174
62.21
59.667
59.693
59.511
60.449
55.033
55.703
54.39
67.136
47.08
61.565
46.798
66.083
50.748
54.708
51.931
61.271
64.117
48.787
55.45
71.202
56.147
57.148
42.286
66.875
54.077
62.54
61.24
63.971
63.787
52.658
58.361
61.87
61.803
57.477
51.485
56.384
52.949
57.008
55.635
61.133
68.329
54.396
51.285
57.223
72.877
55.495
59.267
56.676
57.806
51.301
63.783
53.518
53.174
54.934
57.917
53.989
44.1
58.58
61.892
54.251
58.548
57.974
64.909
61.95
59.449
57.863
58.186
54.309
55.322
51.861
49.467
60.396
63.688
61.014
57.587
57.666
54.907
50.385
48.258
49.7
54.396
53.881
52.443
43.151
53.831
55.982
52.007
54.627
55.596
52.128
52.508
46.737
47.636
56.759
56.244
55.914
37.959
54.264
59.042
44.106
44.077
57.833
59.505
54.21
51.073
54.924
50.298
51.861
51.987
45.816
50.435
45.173
54.515
58.361
49.991
55.753
59.761
59.197
42.529
40.92
57.263
61.218
48.795
58.253
57.756
43.458
68.21
72.449
71.794
75.845
76.739
78.545
70.254
74.248
70.904
72.73
56.113
76.705
42.938
72.031
64.254
63.419
72.535
64.456
56.592
58.425
62.73
48.922
67.22
53.82
58.446
55.125
54.524
53.901
61.995
63.08
68.152
57.535
54.274
56.607
62.367
61.984
54.579
59.33
54.963
62.526
55.494
62.66
49.103
61.8
57.9
60.993
54.969
50.477
56.792
59.704
58.506
61.194
60.663
51.255
58.936
53.278
55.173
53.206
46.31
51.032
58.267
49.059
63.412
52.871
43.492
49.552
61.133
61.677
54.823
52.598
60.395
52.545
53.123
59.033
48.811
62.451
53.147
51.266
54.023
53.503
55.377
50.015
59.81
60.392
55.127
56.313
48.627
63.169
61.878
57.738
43.236
56.37
64.487
63.654
63.205
49.983
57.269
59.801
63.472
67.081
51.544
58.111
52.755
56.452
51.114
61.372
55.342
51.174
57.254
56.623
59.518
53.682
55.411
59.613
54.28
56.274
59.62
55.995
53.894
56.699
61.613
63.205
44.661
63.03
54.856
62.336
62.086
52.516
53.281
52.927
60.767
53.968
50.732
53.971
52.03
50.085
46.841
50.561
58.352
51.471
58.682
48.103
47.583
54.13
51.485
48.821
58.578
56.084
58.79
54.971
54.646
54.182
50.452
58.153
57.478
53.826
61.157
48.582
48.385
53.777
60.553
47.682
64.51
49.108
59.778
64.02
51.902
50.929
59.816
62.36
53.412
53.248
70.35
63.646
66.339
77.902
73.497
77.393
63.644
63.743
80.199
74.597
79.108
95.115
73.495
74.097
74.428
83.955
75.556
100.11
96.67
103.03
86.982
99.613
98.997
112.06
91.172
95.323
91.964
78.535
91.518
80.623
86.422
76.601
83.242
80.551
80.686
82.77
65.702
88.259
81.72
67.616
82.134
79.727
66.432
74.818
72.105
64.988
68.608
66.503
66.907
65.153
62.181
70.817
71.036
61.864
59.264
69.003
63.422
69.077
65.441
56.971
54.472
69.678
62.116
71.252
66.925
68.663
78.06
64.823
65.711
61.173
81.444
75.169
67.384
82.528
69.622
68.533
75.956
66.152
64.6
68.08
62.145
67.793
60.146
65.053
61.53
84.564
68.338
69.277
64.229
71.447
67.428
75.642
67.005
67.835
79.111
66.463
71.658
65.056
60.736
70.912
60.911
56.022
68.718
72.44
65.398
74.588
71.033
66.473
67.926
63.454
72.567
65.45
65
62.254
67.914
59.181
57.959
53.258
53.894
62.295
60.582
68.61
66.526
62.168
67.153
61.994
61.984
70.856
68.062
66.872
72.456
68.858
63.945
59.052
62.145
68.519
67.428
61.777
66.447
86.928
85.293
82.557
77.13
87.937
71.722
84.412
63.195
78.203
70.625
81.231
68.606
80.917
54.461
81.586
76.38
49.187
81.079
72.144
70.614
59.816
58.362
63.074
70.552
65.807
62.399
48.302
68.702
63.921
61.231
55.521
62.808
66.853
74.199
68.992
59.159
58.378
51.977
69.498
60.758
73.483
74.677
57.624
61.27
51.753
60.406
51.822
57.901
62.94
56.253
66.319
60.557
60.34
65.204
66.258
56.043
52.901
64.518
46.451
52.483
67.042
61.841
60.959
50.269
44.854
56.595
57.435
60.383
59.721
56.156
55.306
73.059
60.021
57.085
49.816
48.68
60.491
